Three people, at three feet away
==========
432	79	77	77	76	73	75	68	73	87	78	78	78	78	78	75	73	78	85	93	79	75	77	75	75	79	99	102	80	81	78	80	76	92	95	93	80	98	93	97	78	93	94	88	81	101	94	92	90	92	88	87	87	90	87	86	85	87	87	87	79	86	80	83	81
433	82	76	79	76	71	69	69	68	79	74	75	73	71	72	71	70	73	83	92	73	70	73	73	72	78	93	100	77	80	74	78	73	84	95	85	76	95	91	96	74	89	91	80	78	100	91	92	85	89	84	84	85	87	83	83	85	89	88	82	79	78	77	81	81
433	83	73	76	73	73	72	69	68	77	75	73	74	72	73	69	72	78	79	92	78	73	77	75	72	77	93	101	78	81	77	77	73	87	94	87	75	98	89	97	77	89	91	83	80	102	92	94	87	85	83	86	81	86	83	81	83	85	87	83	79	83	77	81	76
433	82	74	78	76	72	70	67	68	77	77	77	74	74	73	72	70	77	82	91	78	70	77	73	76	79	95	100	76	79	75	78	71	85	93	89	77	95	91	98	78	92	89	86	81	100	92	94	88	92	83	88	84	88	83	84	83	87	85	87	79	82	73	82	78
433	82	79	80	77	69	75	71	72	78	79	77	77	75	76	70	74	76	82	90	74	71	74	77	74	79	98	102	80	79	79	77	73	89	93	90	75	98	93	100	78	92	90	84	82	99	94	97	89	94	87	87	82	88	85	82	86	89	87	84	82	86	79	83	82
433	79	72	78	69	72	73	74	72	77	72	76	74	74	72	71	72	78	84	93	78	72	77	72	74	78	97	103	78	83	77	78	76	86	94	89	77	98	90	98	79	90	90	84	81	102	94	92	89	94	85	85	84	89	80	85	83	88	94	85	82	82	79	81	81
433	79	73	77	75	72	72	67	69	82	80	80	77	74	76	74	72	78	80	90	76	73	75	74	73	75	94	100	76	83	78	77	73	87	96	92	76	99	88	98	74	86	93	83	80	100	93	91	85	91	83	86	79	87	82	86	83	85	86	88	81	84	78	83	82
433	85	78	75	75	75	75	70	71	81	75	79	78	74	75	74	69	75	82	91	81	74	78	76	76	78	93	100	76	80	78	78	73	86	94	91	77	96	93	96	76	92	89	84	80	99	90	91	89	93	85	84	85	87	82	85	82	82	88	82	80	81	75	80	77
434	86	77	77	75	72	75	70	68	82	75	76	76	73	78	71	70	80	80	91	76	78	73	71	70	80	96	101	75	82	79	77	68	86	97	91	79	98	91	101	75	88	94	83	80	102	93	96	88	90	88	88	86	86	85	85	83	84	91	83	81	84	81	83	83
433	84	80	75	77	73	74	73	70	81	77	78	76	72	75	75	72	79	79	93	76	77	75	75	74	78	95	105	77	85	79	81	76	85	97	95	78	98	95	99	78	90	91	82	84	100	93	93	91	96	85	87	85	88	83	89	84	82	91	84	80	83	80	82	77
433	84	76	79	74	73	73	72	72	82	76	75	76	75	75	76	72	76	79	92	77	72	75	76	72	76	93	101	80	82	79	76	75	84	97	91	78	96	95	98	77	87	91	83	80	100	93	94	84	91	87	86	83	91	85	89	84	83	90	84	77	82	79	80	77
433	88	77	81	73	74	71	71	69	83	75	77	76	73	75	72	71	76	84	93	79	73	74	73	72	82	94	103	78	83	80	78	74	88	96	93	78	96	91	101	75	87	92	84	78	101	92	94	89	91	86	85	85	87	84	83	88	81	85	84	79	82	76	80	81
434	80	78	75	74	71	75	69	68	81	75	76	75	71	72	73	72	73	81	89	77	73	75	75	71	81	89	102	78	83	76	77	75	84	92	89	78	95	90	98	76	88	93	83	82	99	94	94	92	94	83	89	83	90	82	86	83	93	84	82	76	83	76	83	80
433	79	76	76	75	71	74	67	70	78	76	74	75	73	73	71	69	75	79	89	73	73	73	73	73	80	96	100	78	82	77	78	72	87	91	92	76	98	89	98	74	87	91	84	80	100	89	92	87	94	86	90	81	88	83	85	86	82	89	80	79	83	80	81	80
433	83	76	77	73	72	72	71	72	83	75	77	80	75	74	73	71	77	87	91	77	73	72	75	70	84	99	100	78	85	78	80	72	87	93	90	79	98	89	101	76	87	88	81	81	99	88	92	87	92	86	85	83	90	83	81	86	87	89	84	82	82	77	82	80
433	84	76	75	73	73	74	71	67	79	75	76	74	73	76	72	67	81	89	93	76	75	71	80	73	79	99	97	76	91	83	79	73	89	95	84	79	101	88	97	78	88	90	80	81	100	90	92	86	96	84	83	85	88	80	87	84	84	88	84	78	83	82	82	81
434	83	79	78	74	69	74	70	71	85	78	78	80	75	77	74	68	79	89	90	77	77	76	76	72	81	101	94	76	91	84	75	70	91	90	85	79	103	87	100	73	84	92	81	81	100	89	95	88	90	86	84	89	85	81	83	84	85	89	81	83	85	79	83	81
434	83	81	76	78	73	73	67	69	80	82	77	73	74	76	74	71	79	87	91	77	78	76	75	79	79	99	98	78	95	83	77	69	88	95	89	80	102	91	99	79	91	88	83	81	102	89	95	85	93	88	86	85	87	81	84	84	88	86	81	80	86	79	83	81
433	85	80	82	78	74	73	71	74	82	76	77	75	74	76	73	70	77	88	92	79	76	79	75	74	76	99	99	79	95	84	80	76	88	95	87	79	101	90	100	78	92	92	85	84	98	90	96	89	97	84	86	85	90	78	88	82	88	92	86	82	82	77	81	83
434	81	80	77	76	76	72	72	73	80	76	77	77	74	78	71	69	79	83	92	80	76	75	73	71	84	96	106	77	98	85	80	74	86	96	89	81	104	89	96	76	92	93	83	84	96	84	91	85	95	86	88	84	87	80	87	86	90	89	86	83	85	81	87	80
433	86	78	75	78	76	76	69	69	84	78	77	80	74	77	76	75	75	85	91	80	78	78	76	73	79	98	102	78	96	83	79	72	86	96	92	80	105	91	99	79	89	92	83	84	101	88	89	88	94	85	88	85	86	85	85	89	84	91	82	83	82	80	80	85
434	83	77	78	76	76	72	70	71	78	77	76	78	73	76	72	71	78	86	94	78	77	78	76	76	82	100	100	78	98	84	81	74	92	94	89	83	104	94	98	79	93	90	86	85	100	88	96	87	94	89	88	87	89	87	91	87	85	90	87	83	85	79	82	80
434	85	81	78	76	75	74	68	69	80	75	73	76	75	77	75	71	78	93	87	76	76	79	74	73	83	104	95	76	97	86	80	74	92	94	84	81	101	92	97	76	90	90	82	82	101	90	93	89	95	83	89	83	88	81	84	83	84	88	85	82	82	82	84	82
434	82	79	80	79	72	73	71	73	80	78	76	75	76	78	75	74	78	93	85	77	73	77	76	77	81	103	91	79	95	83	78	75	92	92	83	83	102	91	97	81	87	89	80	83	100	90	95	85	92	86	87	86	89	82	84	84	89	88	85	79	80	79	82	83
434	84	76	76	74	74	73	71	74	79	75	74	75	76	78	72	69	79	92	88	77	75	77	76	75	81	104	94	77	99	82	76	73	90	91	85	78	102	91	96	74	86	91	82	83	100	91	96	91	92	80	84	84	87	84	86	84	86	89	81	79	85	77	85	81
433	82	77	78	74	73	73	70	71	83	79	78	77	73	75	75	71	81	87	91	75	77	75	76	73	83	101	97	78	100	84	79	73	87	95	85	83	101	91	97	75	91	92	83	84	98	90	91	90	94	85	87	85	88	79	85	82	87	87	85	77	81	76	83	80
434	83	79	77	78	72	73	70	73	80	79	73	76	76	75	77	69	76	85	93	77	75	77	73	75	83	102	98	77	98	87	81	76	90	91	89	78	101	90	100	79	91	93	84	82	100	88	92	88	93	86	86	84	86	81	85	82	83	89	87	79	81	75	81	81
434	84	78	81	71	73	74	68	67	82	80	75	75	75	79	73	70	82	95	89	77	76	79	77	74	82	101	95	77	99	87	83	74	88	93	83	82	102	88	96	79	91	89	82	84	98	88	90	86	91	85	86	84	84	82	84	82	85	82	82	78	82	74	81	81
434	85	79	75	77	74	76	70	69	80	78	76	78	74	77	71	70	82	92	89	76	76	75	76	72	85	101	91	77	98	88	84	73	88	93	83	79	102	90	95	78	89	88	78	82	98	87	92	88	90	85	85	84	86	81	84	84	88	86	84	80	81	76	79	80
434	82	75	78	74	75	73	67	68	80	75	77	76	73	78	75	73	80	96	82	77	78	76	73	72	88	101	88	76	98	85	81	71	91	92	78	81	99	93	96	75	88	85	75	83	97	86	88	87	90	85	82	81	87	82	88	85	89	87	84	77	80	75	82	80
434	84	78	78	73	73	74	72	69	82	76	74	72	73	76	72	68	83	97	82	74	76	74	75	71	82	97	82	75	96	85	79	75	90	92	76	79	103	88	95	79	91	88	80	80	98	86	95	86	87	82	81	84	84	79	83	82	84	84	83	76	82	77	82	83
434	82	79	73	74	71	73	69	69	79	76	74	76	71	73	73	69	78	98	77	75	73	74	73	77	87	100	78	77	97	81	77	69	93	88	78	80	103	89	97	77	90	88	77	82	96	87	94	87	88	83	82	84	84	82	84	83	89	86	82	80	80	77	83	82
434	82	77	78	74	71	70	68	74	81	75	75	74	75	76	74	67	81	97	73	76	75	76	71	69	87	98	76	76	98	80	80	70	89	89	78	84	99	90	97	75	90	89	75	79	99	87	94	86	89	79	83	83	87	81	86	83	88	88	83	82	80	77	81	86
434	84	80	79	78	72	74	69	70	81	77	71	76	73	77	74	68	80	96	76	78	77	71	75	70	87	98	76	75	95	82	76	72	90	86	79	78	100	88	98	72	88	87	74	83	98	89	96	88	86	84	80	81	86	82	86	85	89	85	81	80	82	77	83	79
434	81	79	78	77	72	74	68	74	79	76	75	75	75	76	70	71	82	94	75	76	75	74	74	71	85	100	80	77	98	83	80	71	92	87	76	80	97	88	95	77	87	87	76	80	97	87	92	85	90	83	80	83	82	81	84	79	82	86	79	81	83	80	84	78
434	84	77	77	73	73	72	67	68	79	75	78	77	73	75	74	69	78	93	80	75	74	76	74	71	84	101	87	77	95	84	82	71	92	88	80	78	100	88	100	76	90	89	82	79	98	86	92	86	88	84	79	82	85	78	84	84	89	86	77	80	79	75	85	83
434	88	76	79	71	72	73	73	69	79	78	75	77	73	74	72	70	80	94	85	77	71	75	72	74	84	102	89	78	97	86	82	73	91	88	81	78	101	92	98	78	88	87	79	81	97	90	92	87	90	80	84	80	88	80	82	82	89	86	81	81	80	79	83	81
434	83	80	73	74	69	72	70	71	80	78	77	76	75	77	72	70	78	91	87	75	76	77	74	73	83	100	91	79	93	86	80	74	86	88	82	78	101	90	95	74	87	87	78	83	102	87	91	86	89	84	82	87	85	80	83	83	83	85	81	79	81	74	78	79
434	79	77	75	74	73	71	66	70	86	75	76	75	75	74	73	68	80	92	86	76	74	75	73	71	84	100	95	81	96	86	81	72	91	89	85	81	99	94	96	76	90	89	81	81	98	87	90	89	89	86	82	85	85	78	85	85	83	88	78	80	80	76	81	81
434	81	74	75	76	72	75	67	69	81	82	74	76	74	78	72	71	77	91	89	78	75	76	75	72	81	105	97	81	95	83	79	73	91	90	83	79	103	91	96	73	87	89	80	82	98	87	91	90	89	84	83	84	85	81	83	82	87	87	83	79	83	77	77	81
434	84	77	77	73	72	73	71	73	79	75	76	74	72	74	72	71	78	92	86	77	75	74	75	74	84	103	91	77	98	84	76	76	89	92	82	82	101	90	96	78	93	89	82	82	100	87	93	85	88	84	85	83	87	80	85	83	88	87	81	81	83	79	83	78
434	79	73	74	74	72	75	69	71	79	77	76	75	73	75	73	71	77	94	84	79	75	74	73	74	83	98	88	74	98	82	80	73	89	92	83	84	103	89	95	76	88	90	79	80	99	87	90	87	88	84	84	84	86	81	85	84	85	84	82	77	79	78	80	81
434	86	77	77	75	72	73	70	68	80	77	76	77	72	74	73	69	77	94	82	77	72	76	74	70	86	101	84	78	98	82	79	73	92	89	77	83	101	91	93	77	86	86	80	82	97	86	91	85	90	84	81	81	87	80	85	85	89	84	83	81	83	77	84	79
434	75	77	79	73	71	74	69	69	83	75	73	76	74	73	71	66	80	93	79	77	75	74	73	73	87	102	82	77	99	79	81	71	91	88	80	82	102	90	97	76	85	85	76	81	96	87	89	88	89	85	80	83	86	83	83	83	85	81	79	79	84	77	79	75
434	82	75	76	74	73	71	69	70	84	74	73	76	75	73	74	69	80	95	78	78	72	78	75	76	82	100	82	75	95	79	79	73	86	89	76	81	100	89	93	73	85	85	79	80	99	85	90	85	90	80	82	85	85	83	82	83	85	82	76	79	81	76	81	78
435	82	77	76	73	72	76	71	71	81	76	73	77	74	74	76	69	80	96	81	77	76	75	74	73	85	101	81	77	98	81	80	75	91	87	79	78	102	85	96	78	91	86	77	79	97	85	95	83	86	86	82	83	86	83	82	85	85	83	81	79	82	79	79	83
434	84	75	78	73	72	74	67	69	79	75	75	75	74	71	72	68	79	92	75	75	72	75	74	69	93	99	80	75	98	79	83	72	90	87	75	79	101	84	95	77	89	90	77	84	99	87	89	91	85	83	78	84	85	79	85	83	86	86	80	79	81	78	81	82
434	81	79	80	73	73	74	67	69	82	77	76	74	71	77	74	70	84	96	73	76	76	78	72	72	91	99	73	76	96	81	81	75	92	84	78	81	100	84	94	76	86	88	76	82	97	84	92	84	87	84	79	85	85	84	84	84	84	85	80	79	81	79	81	80
435	84	76	77	71	72	71	66	72	81	75	74	74	72	76	74	72	81	94	73	76	75	74	73	73	94	98	75	76	95	80	81	72	91	84	76	80	100	87	100	78	88	89	75	83	99	85	93	87	89	82	76	84	86	82	83	83	84	87	81	78	82	78	82	84
435	84	76	74	72	71	74	66	71	79	76	73	74	73	77	73	68	81	88	73	76	71	71	72	70	95	94	74	75	93	82	78	74	92	84	75	78	98	87	97	73	89	89	76	79	98	88	94	88	93	85	82	84	86	83	86	86	82	83	78	79	78	80	80	78
434	81	78	78	73	68	72	66	70	79	77	75	74	72	75	72	67	81	93	72	76	75	78	73	74	97	96	74	75	92	84	77	76	93	87	79	77	102	90	97	77	86	88	76	83	94	86	92	89	84	85	76	83	86	82	84	83	85	84	80	79	84	77	80	77
434	81	77	75	74	71	72	68	72	82	72	76	73	74	75	76	70	82	93	73	74	72	75	74	70	96	94	76	77	97	79	78	71	92	84	80	77	102	91	96	77	87	87	76	81	94	88	90	86	91	84	77	84	85	82	86	82	85	84	81	80	80	77	80	81
435	81	78	76	74	74	76	69	71	78	77	76	77	75	76	72	71	84	91	78	77	74	74	75	72	90	94	76	77	97	81	77	70	89	86	76	81	100	89	95	77	90	87	78	82	94	85	96	84	88	83	80	80	87	77	87	84	87	85	79	81	84	78	83	82
435	84	77	77	74	72	73	70	68	79	76	74	75	74	77	70	68	81	96	76	73	74	79	75	71	93	95	77	77	94	79	75	72	92	87	77	77	101	92	95	74	88	89	74	79	94	90	95	88	91	84	79	84	86	82	86	87	87	84	78	80	80	80	79	84
435	82	75	78	72	72	71	69	70	80	73	74	76	74	74	73	72	80	94	76	75	74	75	71	71	91	99	77	78	95	81	74	73	93	86	78	78	100	90	96	77	88	88	77	76	93	89	93	86	92	84	83	83	86	80	83	79	85	88	81	79	80	76	79	76
435	82	74	75	71	72	73	68	70	81	76	77	74	74	75	73	68	82	94	81	74	75	72	78	70	88	101	81	75	96	80	77	72	90	89	79	79	103	89	96	75	86	87	76	82	96	83	92	87	87	85	80	87	84	80	82	82	85	83	79	79	82	77	84	76
434	81	77	79	75	68	73	71	72	80	78	75	73	72	75	74	69	79	93	81	77	71	73	72	70	83	100	84	77	93	80	78	70	92	86	77	78	100	86	95	72	90	90	78	81	95	88	92	89	87	80	79	81	83	78	81	84	84	84	78	81	84	77	81	81
435	85	77	77	77	72	76	66	69	80	77	78	75	73	76	72	67	79	92	84	79	74	79	72	74	79	102	91	78	91	76	81	72	86	88	82	78	99	82	95	75	88	89	79	81	98	87	89	85	88	84	86	85	87	84	84	84	82	84	79	81	78	75	79	76
435	83	78	77	74	74	69	69	72	80	75	77	73	73	73	71	68	77	92	86	74	72	73	71	73	81	101	90	78	85	78	85	74	89	87	83	78	101	84	95	75	88	90	81	83	101	86	91	85	88	84	83	82	88	81	83	81	87	88	81	82	79	76	82	81
436	83	78	77	76	75	71	68	70	80	74	76	74	74	77	73	69	78	94	83	76	73	75	72	73	80	103	91	77	85	79	82	71	85	92	79	78	98	84	93	76	87	90	79	81	102	87	90	89	87	84	86	84	89	84	83	84	82	88	79	80	82	78	81	85
435	83	77	77	75	72	74	67	73	80	74	75	74	72	76	74	69	75	92	83	79	70	76	75	71	84	100	88	75	85	78	81	71	90	90	80	80	101	85	101	77	89	88	79	82	101	90	89	87	87	83	83	82	87	81	84	79	89	84	84	79	81	79	83	81
436	83	76	76	76	72	72	70	70	77	74	74	75	72	74	73	71	77	92	85	75	74	74	76	70	84	99	89	77	88	76	81	73	88	92	82	78	102	89	98	73	91	87	79	79	103	85	92	89	86	84	80	80	87	82	87	83	83	86	80	78	84	76	82	79
436	83	76	75	73	71	74	66	69	79	77	74	76	74	75	70	71	80	91	83	76	73	76	78	73	78	99	90	74	86	80	82	69	88	88	80	77	98	89	99	76	84	88	80	83	104	88	94	89	91	84	80	80	89	82	86	81	86	79	79	79	82	74	83	80
436	83	77	73	75	72	69	71	70	82	76	76	75	72	73	71	73	79	93	79	73	72	74	73	73	86	99	81	74	89	80	80	69	88	88	77	80	99	92	98	78	88	88	73	81	103	88	92	88	89	86	80	84	84	81	82	84	83	81	77	78	79	76	79	76
435	82	77	76	74	74	75	73	70	86	78	75	77	74	75	74	68	78	91	74	76	74	71	75	70	91	94	74	75	88	79	79	70	88	89	72	79	96	87	96	77	87	83	74	79	101	88	93	86	87	81	80	82	87	83	83	84	86	84	77	78	79	79	81	77
435	84	77	78	71	70	72	69	71	79	77	71	74	69	76	71	68	81	90	74	76	72	74	72	71	94	93	74	74	85	77	80	72	90	86	74	78	96	87	98	78	88	82	77	83	101	86	90	85	89	85	77	83	85	79	82	86	85	83	74	75	84	79	78	80
435	87	76	75	77	75	73	68	68	77	77	73	76	73	75	72	68	83	91	73	75	71	72	72	75	93	96	72	74	86	79	77	69	89	81	75	78	98	84	97	76	85	83	76	81	99	82	92	85	86	80	74	82	87	79	83	85	83	84	78	79	82	77	78	80
435	81	77	75	75	70	70	69	69	77	74	72	75	74	73	71	68	77	90	69	76	70	70	71	69	93	93	73	73	90	78	80	68	90	85	74	78	97	85	96	76	87	87	75	79	102	87	93	85	85	82	74	83	85	80	80	85	85	88	82	82	81	77	80	80
436	84	80	77	75	73	77	69	69	80	77	75	78	74	81	76	71	80	92	72	74	73	72	70	70	88	95	73	75	89	78	77	71	89	86	74	78	99	89	95	74	86	85	73	77	102	88	90	84	84	85	76	80	85	81	82	84	86	87	79	75	80	71	82	80
435	80	77	76	75	70	71	68	68	80	77	74	72	74	72	72	70	80	92	73	73	71	72	72	72	88	97	74	77	87	81	78	70	89	84	74	78	98	89	91	74	81	85	73	80	99	88	87	83	86	82	79	83	87	83	84	86	85	79	79	81	80	76	80	80
435	82	77	77	75	71	73	69	70	80	79	73	75	72	77	72	71	80	93	73	73	74	73	74	69	85	98	78	72	85	80	76	71	89	85	77	81	99	89	87	75	85	86	73	76	102	88	90	86	90	82	77	81	90	81	84	83	82	84	77	79	80	74	82	81
436	86	79	75	74	73	69	67	67	80	78	73	76	77	74	69	69	79	95	79	75	74	72	74	69	83	97	77	74	81	75	73	70	88	87	75	83	100	92	86	77	86	86	74	80	102	88	88	82	86	82	75	84	89	80	82	83	87	83	78	77	77	73	77	73
435	83	71	74	73	73	70	69	68	80	72	74	71	70	72	69	69	76	87	80	76	69	73	73	73	83	100	85	74	79	77	76	70	91	90	78	78	97	90	88	71	86	90	75	79	102	87	87	85	91	80	76	78	90	81	82	84	81	88	78	78	78	76	80	81
435	81	77	76	74	72	71	69	66	80	76	71	72	72	74	73	69	77	88	76	72	73	75	74	71	82	101	85	75	80	81	80	69	91	90	78	79	99	87	93	75	88	84	75	80	102	88	89	84	89	85	78	82	90	82	85	85	79	86	75	80	82	77	80	80
436	81	77	77	74	74	74	68	73	78	77	75	75	75	77	70	72	78	83	77	75	73	75	73	74	85	101	88	73	78	88	78	73	87	95	81	78	98	90	89	75	87	84	76	80	102	88	87	81	87	82	77	84	92	83	84	87	84	86	77	79	81	76	79	78
436	85	76	75	74	72	74	71	71	78	76	73	73	71	73	71	67	78	81	72	75	72	74	73	73	83	101	83	75	76	92	74	73	86	94	83	79	102	93	89	76	86	85	75	80	101	91	90	83	86	82	76	81	98	84	84	84	83	86	74	78	83	73	81	77
436	82	77	79	79	71	76	69	73	79	73	74	74	74	75	73	67	75	82	77	76	74	76	73	69	84	103	81	74	77	86	76	74	88	92	79	78	101	96	88	75	92	86	75	76	102	89	91	80	94	84	81	83	98	87	87	86	88	85	79	79	84	77	82	80
436	83	79	75	78	71	73	69	72	80	76	77	75	73	77	75	71	78	88	77	75	72	75	75	73	87	99	81	78	82	89	77	72	94	89	80	75	102	95	86	73	87	88	75	80	104	96	91	80	86	83	76	86	96	83	81	83	82	87	76	81	84	77	78	78
437	86	77	77	73	72	73	68	70	85	75	77	77	72	77	74	70	82	90	80	79	75	75	76	73	89	100	82	78	81	82	74	74	94	86	80	78	100	100	83	71	88	89	76	79	101	98	89	84	88	83	75	80	94	86	86	85	86	84	77	82	81	77	79	78
436	81	79	75	74	73	73	70	70	81	76	75	76	76	74	71	68	83	92	78	73	75	75	76	70	85	98	79	76	79	78	74	68	91	84	77	77	98	96	81	71	91	85	79	79	103	94	89	84	93	82	76	83	92	84	87	84	84	87	72	81	82	81	79	77
436	81	72	75	73	72	73	69	69	77	78	73	78	73	75	71	71	77	98	75	76	73	75	74	74	93	96	76	76	80	78	77	68	90	88	79	80	99	98	78	77	88	89	76	77	104	93	91	82	91	85	79	82	96	82	83	82	88	86	81	82	81	75	81	78
436	84	80	76	77	75	73	67	65	78	75	75	76	73	74	72	67	79	97	77	78	78	76	72	75	87	95	76	75	78	78	75	68	91	87	75	79	101	95	80	72	92	88	74	80	101	95	88	83	87	86	80	78	97	85	88	83	87	87	82	80	82	78	78	83
436	83	78	76	77	72	72	70	69	80	78	75	74	77	73	72	67	78	96	72	75	72	74	72	72	87	93	79	76	79	75	76	71	90	86	77	78	100	94	80	76	89	90	79	80	104	95	91	83	90	84	78	85	95	90	84	83	87	84	78	79	82	78	77	80
436	86	77	78	76	72	72	70	71	78	79	75	75	74	78	71	70	82	93	77	75	73	72	71	69	90	94	76	78	78	77	75	68	92	86	74	81	102	94	86	75	85	86	72	76	100	90	90	85	86	85	77	82	92	86	86	82	83	86	79	79	84	74	78	82
435	83	76	78	73	77	69	69	69	76	76	76	75	70	74	71	72	82	93	71	76	71	71	73	74	95	90	74	74	80	75	75	70	94	83	75	76	99	90	91	72	85	83	75	77	101	90	92	85	85	81	74	83	95	83	84	85	84	85	78	78	81	78	82	77
436	84	76	77	78	73	71	68	71	82	78	74	76	75	75	74	69	91	86	75	76	74	74	75	70	96	83	74	75	79	74	74	72	89	80	75	79	99	84	94	73	87	81	75	77	101	85	91	88	87	81	72	80	93	86	85	86	85	85	76	77	80	77	77	77
436	83	78	76	75	72	76	68	73	81	76	73	74	75	75	69	69	89	83	75	78	75	73	74	73	99	83	73	74	81	74	80	70	86	80	73	79	99	86	94	75	82	77	71	80	103	89	93	84	83	82	71	82	93	84	85	86	87	84	71	79	78	77	80	79
436	83	80	77	77	72	75	69	72	79	74	74	72	73	75	72	68	90	83	75	75	75	75	72	71	100	88	76	75	81	76	80	73	93	81	74	75	97	93	90	76	86	79	72	79	98	89	91	83	86	83	76	83	95	88	82	82	85	86	71	79	83	79	80	79
435	79	78	76	73	72	74	69	69	78	75	69	79	71	76	70	71	82	88	76	77	73	75	76	72	93	98	73	74	79	77	73	74	91	88	72	77	101	96	89	73	84	78	73	76	100	92	87	81	86	81	74	81	90	83	83	84	84	79	66	80	80	80	81	77
436	88	74	78	72	74	74	69	70	77	75	76	76	72	76	71	70	82	84	76	74	73	76	76	70	92	101	76	74	78	82	74	71	93	92	75	77	101	95	83	76	86	78	73	79	99	94	88	79	85	83	74	80	94	84	84	83	86	82	69	81	80	76	79	79
436	83	77	74	75	73	76	70	73	81	76	72	77	72	75	72	67	79	81	72	73	72	75	73	69	85	100	79	75	80	77	76	70	94	95	76	75	101	99	80	74	95	85	78	81	99	93	92	79	85	86	73	85	95	86	82	83	87	83	73	80	79	78	79	78
435	82	73	77	76	72	75	70	72	77	73	75	78	73	74	73	69	74	80	72	75	73	75	73	72	86	101	79	74	76	80	75	69	91	97	77	75	98	99	77	73	87	82	77	75	100	94	91	76	91	85	75	80	97	88	84	78	84	83	68	83	79	81	80	79
436	82	75	77	76	76	71	72	71	82	76	75	74	75	76	73	73	80	80	74	77	72	77	74	73	83	101	79	77	78	78	72	75	90	103	81	77	97	98	79	72	92	84	76	78	101	96	87	75	90	84	72	85	97	88	84	83	88	83	73	80	81	76	80	78
436	82	79	75	75	73	72	72	69	76	79	76	77	69	75	73	66	76	77	73	76	72	77	71	72	79	97	79	75	78	78	76	70	89	103	83	77	100	95	80	75	88	86	77	78	101	98	90	84	88	84	77	83	95	89	82	86	86	86	75	82	83	79	81	79
437	80	77	76	77	76	74	71	70	82	74	79	77	75	77	72	69	76	78	77	76	75	76	76	71	82	99	82	77	79	84	76	73	87	100	82	76	100	97	80	72	92	88	79	78	102	98	92	76	88	85	75	82	96	88	88	85	88	85	72	82	85	80	84	79
437	86	80	73	75	76	73	70	70	76	76	77	78	75	77	75	70	77	82	76	78	74	75	76	74	84	104	86	77	78	81	76	74	92	98	83	83	99	95	82	74	89	88	79	80	98	96	89	78	85	87	77	84	96	85	86	85	84	84	73	81	83	82	78	78
437	84	78	79	75	76	74	71	70	81	78	76	72	76	78	73	69	75	83	81	76	72	75	74	76	84	102	90	74	79	81	76	73	87	97	82	77	99	96	82	74	91	92	78	81	98	98	89	81	91	85	77	83	98	89	86	82	90	86	79	79	83	77	82	76
436	83	78	77	73	73	77	66	70	83	77	76	75	77	76	76	71	77	86	79	76	74	78	73	73	84	103	92	78	77	83	77	72	91	93	88	79	102	96	85	73	90	87	78	77	101	94	90	79	93	82	78	84	95	86	87	86	87	91	75	81	83	79	79	80
436	86	77	79	74	75	73	72	71	83	80	73	78	74	77	72	71	78	87	82	78	75	77	75	74	82	100	92	77	78	84	74	68	90	93	84	78	99	98	85	76	87	87	78	81	96	98	88	78	92	85	81	84	95	92	84	83	84	88	73	79	78	79	79	78
436	81	75	76	76	69	76	69	70	81	80	75	79	75	78	73	69	81	92	82	76	73	77	72	72	86	101	85	76	78	89	79	71	92	90	80	78	94	99	84	74	90	87	75	80	98	101	89	81	92	86	80	83	94	91	86	85	90	84	74	77	81	79	78	73
436	85	76	77	75	75	77	72	71	82	77	75	78	76	75	73	74	80	96	80	74	75	76	74	69	86	98	83	76	80	86	76	72	93	90	80	76	96	98	86	72	88	88	75	81	97	101	90	82	87	89	79	81	95	96	84	87	85	91	77	82	80	82	80	75
437	84	77	80	77	72	75	72	69	80	81	78	76	74	80	76	73	83	98	79	78	77	75	75	72	92	99	79	78	78	85	77	73	91	87	77	76	87	96	85	73	89	88	76	80	91	98	92	82	92	84	76	85	93	97	84	88	86	85	72	81	77	84	79	77
437	85	77	77	78	72	74	75	74	79	77	76	77	75	78	72	74	89	96	75	80	74	78	75	77	97	94	79	77	78	84	75	73	94	84	79	75	87	98	87	75	91	87	74	76	89	99	91	82	86	84	73	80	91	101	84	87	84	86	73	84	85	87	80	78
437	85	79	75	76	71	76	73	71	81	77	76	74	74	78	72	69	87	90	78	75	75	77	73	72	100	95	76	74	79	88	77	73	93	84	77	75	82	100	85	74	89	85	78	80	87	99	94	84	89	82	73	80	91	100	88	84	90	86	75	83	83	86	81	78
436	83	82	78	76	76	74	71	70	81	80	74	77	74	75	74	71	91	87	75	78	74	78	78	73	97	90	77	76	79	88	75	72	93	84	75	80	80	100	88	74	87	86	77	76	85	100	94	85	84	84	74	82	90	104	86	87	85	82	74	79	81	84	79	77
437	88	79	82	78	76	78	72	74	87	74	76	78	75	75	75	72	88	79	76	74	75	77	75	70	97	86	75	75	77	86	79	75	93	82	76	79	78	103	85	79	91	83	78	79	86	100	94	82	85	81	77	81	91	103	84	86	88	84	75	81	83	84	82	80
437	85	78	80	79	71	76	71	71	81	77	76	78	72	80	73	74	92	80	77	76	77	77	78	75	102	89	77	78	77	91	78	76	95	84	78	79	93	101	86	74	88	81	78	79	94	99	90	83	87	83	75	81	96	99	85	87	85	85	74	81	81	81	81	77
437	86	78	79	76	74	74	72	71	79	75	77	77	76	76	75	71	85	85	77	76	76	74	76	73	100	93	77	76	78	92	77	72	94	90	79	80	100	100	85	77	90	83	75	82	99	95	91	83	85	82	75	81	107	91	85	88	89	86	74	84	87	85	83	80
436	85	81	77	80	76	76	75	73	85	76	77	77	78	78	75	71	83	87	76	77	76	75	76	74	102	96	78	77	81	85	77	74	95	87	77	82	102	100	84	76	87	84	77	84	102	95	92	81	93	85	79	87	105	88	87	86	91	87	77	82	85	79	82	82
437	84	78	80	75	75	76	71	72	83	78	79	79	77	80	77	72	87	94	78	79	77	77	79	76	92	100	80	78	81	83	76	74	97	86	82	88	104	97	82	71	89	88	78	87	101	92	90	79	86	88	81	88	105	89	87	87	92	88	79	83	88	81	84	82
437	85	77	80	76	72	74	71	73	86	79	77	77	76	80	78	71	85	95	79	77	77	76	77	73	89	102	82	79	81	83	76	74	93	91	81	83	102	97	81	75	89	87	81	83	102	96	89	78	90	87	80	84	104	90	90	84	91	90	79	82	85	83	85	81
437	87	81	84	74	76	78	70	73	80	77	79	78	77	80	77	71	82	97	85	79	75	79	79	75	85	105	91	79	81	78	75	76	96	94	85	80	92	100	81	77	92	90	81	77	97	102	93	83	88	86	85	83	97	99	86	85	88	90	79	83	83	90	84	84
437	87	78	81	79	76	77	76	76	82	77	80	81	78	80	76	72	79	95	87	79	77	75	73	71	88	101	94	77	81	81	78	74	92	94	84	77	83	103	82	78	91	88	79	75	94	98	90	82	91	88	83	81	93	105	87	85	88	85	81	84	84	88	82	81
437	84	81	80	75	76	73	71	69	82	78	79	78	78	78	74	73	82	89	88	76	75	76	76	73	85	103	95	75	78	78	78	75	93	94	87	77	86	103	94	78	90	91	81	79	92	100	92	86	93	88	86	82	94	106	89	85	87	85	82	82	84	93	82	84
437	89	80	80	78	77	76	75	75	82	80	81	80	76	80	74	72	79	93	90	79	77	79	77	76	86	103	93	80	76	77	78	74	92	95	86	87	90	99	86	75	91	91	84	86	100	100	86	74	90	90	84	87	97	102	81	72	89	88	82	80	86	90	86	69
437	85	79	80	77	77	72	71	72	84	79	82	76	78	81	76	72	80	91	84	80	76	75	75	78	87	102	91	80	79	79	76	75	92	93	85	84	95	98	79	74	86	91	78	79	98	99	84	73	90	88	84	85	98	99	87	75	85	89	82	86	85	88	83	71
437	88	80	79	78	72	76	74	76	81	80	77	75	75	76	76	70	76	96	84	78	76	78	74	75	87	105	86	78	80	79	79	75	94	90	83	88	97	96	78	74	92	87	79	78	98	101	84	73	89	84	84	85	95	103	85	75	80	83	80	82	85	83	85	72
437	80	80	76	75	72	77	72	73	84	80	80	77	75	80	74	76	82	95	82	79	75	74	74	73	88	101	88	76	78	75	73	74	90	88	81	85	95	94	80	75	87	89	78	78	96	99	84	73	90	84	78	83	94	102	84	72	88	86	75	81	81	85	82	72
437	81	79	77	77	75	74	68	71	79	79	77	79	73	76	73	70	80	94	80	75	76	75	76	70	85	99	84	76	78	76	73	72	91	87	78	83	94	92	81	70	87	87	79	79	99	100	86	73	87	88	82	85	91	98	85	73	90	87	79	80	82	85	85	71
437	85	77	78	76	76	75	73	74	82	77	79	77	77	78	75	73	83	96	78	78	74	79	77	74	92	102	77	79	86	79	74	77	97	87	80	77	90	96	85	76	88	85	75	78	94	98	91	75	90	86	77	85	91	101	87	74	88	85	80	84	83	80	83	70
438	89	78	80	79	76	77	72	74	81	81	80	82	78	80	74	79	80	97	83	77	78	74	77	71	86	101	86	77	83	85	75	74	91	90	81	78	92	96	84	73	90	87	81	79	91	102	89	79	92	86	81	86	95	101	87	75	89	84	79	82	83	83	85	71
438	85	83	79	78	76	78	75	77	82	81	79	80	77	78	75	74	81	96	86	80	78	79	76	75	83	101	93	73	80	89	78	73	93	91	83	79	91	99	84	74	90	92	80	81	98	101	90	81	90	87	81	84	98	98	88	79	85	87	81	82	82	83	84	68
437	88	83	80	75	76	75	70	73	82	78	81	79	79	77	76	71	78	96	86	77	76	78	75	73	85	103	92	78	78	88	84	75	94	94	85	82	96	100	89	77	93	90	80	79	96	103	92	82	89	87	84	87	98	97	88	87	88	87	79	84	85	81	81	74
438	93	78	80	79	75	79	74	72	82	78	76	77	77	77	76	69	80	96	89	78	73	80	75	76	89	104	96	76	80	84	83	74	95	89	88	77	95	100	96	75	91	90	79	79	99	98	94	85	86	90	82	84	100	97	88	85	87	84	80	79	87	83	84	79
438	87	81	80	79	75	80	73	73	82	80	78	79	76	79	75	73	79	88	91	79	73	77	77	73	83	100	101	77	79	82	85	76	95	91	87	78	97	98	91	79	90	92	79	81	101	102	90	87	89	87	82	84	97	95	87	87	87	86	81	82	84	82	80	80
438	88	74	79	76	80	73	74	66	83	76	76	76	78	76	75	71	80	86	88	77	73	75	78	76	83	103	97	75	78	78	81	71	92	90	84	76	91	100	95	75	90	90	83	80	94	98	91	85	92	85	80	83	95	96	86	85	87	85	78	83	84	80	84	77
438	86	80	79	75	76	75	73	75	85	78	78	79	76	79	74	72	81	96	85	76	74	75	75	74	86	102	88	77	77	76	80	73	91	89	80	77	90	94	96	77	85	85	75	76	97	95	91	82	89	84	78	83	96	94	86	88	81	83	78	80	84	81	85	82
438	85	81	77	79	74	76	70	70	84	79	75	75	75	77	74	73	83	97	79	80	79	77	75	73	88	99	82	75	79	77	78	71	93	90	80	80	93	97	96	77	94	92	78	77	101	97	96	84	91	88	81	85	100	95	89	84	87	84	80	79	82	80	84	80
438	82	77	77	78	73	73	70	73	80	80	77	75	76	77	77	72	80	100	81	80	74	77	77	75	90	102	83	75	75	78	73	73	90	92	76	76	87	95	92	76	90	88	79	78	97	97	94	85	87	86	80	84	97	93	86	85	86	82	80	81	84	79	84	79
438	82	80	82	78	74	71	72	73	81	79	78	75	74	78	75	71	85	97	81	76	76	78	73	73	90	99	83	77	78	77	78	73	97	88	78	78	90	96	94	74	90	88	79	80	98	99	93	83	87	84	77	81	97	96	85	82	87	87	80	84	86	82	80	80
438	87	80	77	74	75	75	69	73	85	77	76	78	76	79	74	72	85	98	77	76	76	77	75	77	90	101	79	75	75	75	75	71	90	90	76	79	90	97	87	77	90	87	75	76	97	96	95	76	93	82	80	84	102	96	89	82	86	85	79	80	84	81	84	79
438	82	78	78	75	74	74	72	71	82	79	76	78	73	80	77	72	85	98	78	78	75	75	73	75	94	101	82	76	77	74	75	72	96	87	82	79	90	97	94	75	88	91	75	77	97	100	93	85	86	86	75	84	95	95	84	83	85	82	78	83	86	79	85	76
438	82	80	78	75	71	77	74	72	81	80	76	78	75	80	73	73	83	99	77	78	75	73	74	71	94	104	82	75	79	76	78	75	92	91	81	77	90	96	89	70	86	89	75	78	95	99	95	81	86	85	80	82	97	94	86	84	84	85	76	78	85	79	82	82
438	86	80	75	74	76	78	72	71	82	81	79	78	78	77	76	74	86	100	82	76	74	77	76	75	89	103	86	77	80	78	76	73	91	88	77	76	90	95	90	72	87	88	75	80	97	98	92	84	85	84	77	86	95	92	86	80	87	85	76	82	82	79	82	82
438	81	77	76	76	76	73	68	70	85	80	79	78	79	80	74	72	81	97	86	78	74	77	77	74	86	102	86	75	76	76	79	76	96	90	82	77	94	99	93	74	92	88	80	75	99	99	97	81	84	84	79	84	99	90	86	82	84	87	76	82	83	81	81	79
438	84	79	80	74	76	77	70	75	83	78	76	76	75	78	75	71	83	92	87	75	75	74	75	72	90	102	88	74	77	77	81	71	93	91	81	80	92	99	95	77	87	87	79	78	96	101	93	80	89	88	78	83	99	93	84	82	86	88	77	83	82	81	86	81
438	88	77	82	79	76	76	72	73	81	77	77	77	75	78	79	70	79	92	84	76	74	76	75	72	86	104	88	77	77	80	78	76	93	93	82	78	92	100	94	79	93	86	76	77	98	100	90	86	87	85	81	84	96	99	89	83	89	84	77	78	81	82	84	74
438	85	79	77	73	75	77	72	66	86	79	79	75	76	78	78	71	81	92	85	77	73	76	74	72	86	104	90	78	77	81	83	73	91	93	83	77	91	100	95	78	94	90	79	80	97	101	91	83	90	85	81	85	97	96	86	85	85	88	76	83	80	84	85	80
438	85	79	77	77	73	76	72	76	82	79	78	78	76	79	76	69	78	92	84	76	74	77	75	74	87	101	95	77	80	80	85	72	92	91	83	74	92	101	95	73	91	87	76	76	95	98	92	82	93	85	80	86	96	94	85	84	87	82	81	82	86	75	86	75
438	82	78	78	76	71	72	71	75	82	78	79	77	76	78	71	71	78	94	86	78	73	77	73	75	86	104	94	75	78	82	85	75	92	94	84	79	92	102	95	78	92	85	82	76	96	99	93	86	92	89	83	84	95	93	87	86	85	86	81	79	83	80	81	81
438	88	81	82	78	75	78	74	74	84	82	79	76	77	77	79	71	82	91	92	78	75	77	73	74	87	105	92	79	79	83	87	77	92	89	80	81	93	100	97	76	90	89	78	78	97	100	89	86	87	87	82	81	96	94	90	84	88	80	81	77	84	75	84	81
438	86	81	78	79	75	77	66	75	84	80	79	79	77	76	78	70	77	92	89	76	76	77	78	77	86	102	93	77	77	81	87	70	94	95	83	80	92	103	94	81	88	91	79	78	97	99	90	85	94	86	80	84	91	94	86	85	87	87	82	82	83	77	82	78
438	84	77	82	76	78	74	72	70	81	79	79	77	72	79	68	73	81	93	88	78	77	76	78	73	83	102	94	75	78	83	84	75	90	93	81	78	92	99	94	78	89	89	79	78	98	99	95	86	91	85	80	82	94	94	89	85	90	88	80	82	84	82	82	77
438	89	76	80	77	76	75	71	72	82	81	75	79	76	76	74	71	76	92	87	76	74	76	75	75	82	102	92	76	74	84	85	72	90	93	84	76	89	99	91	77	88	86	80	78	97	98	93	87	88	85	80	83	91	96	84	85	86	88	80	81	82	78	82	76
438	86	79	81	76	73	74	75	77	81	79	77	78	74	75	74	71	78	90	86	78	74	77	76	76	82	104	92	79	80	85	87	77	90	93	85	79	93	100	95	78	87	87	77	79	96	98	91	85	89	87	81	85	95	95	89	87	89	87	81	81	84	80	81	78
439	84	81	80	75	75	77	71	72	82	77	78	79	78	77	74	72	80	93	87	80	72	78	77	76	83	103	95	77	81	85	87	76	94	93	87	76	91	100	94	79	89	90	79	79	98	98	90	84	88	89	83	87	98	97	87	89	91	89	79	82	82	82	82	79
438	83	80	79	77	76	75	71	72	76	80	78	78	76	78	77	72	77	91	90	79	75	75	75	71	88	103	95	77	77	84	84	78	94	93	80	78	92	102	92	76	91	89	78	77	96	97	90	81	86	88	85	85	93	93	87	85	85	83	79	80	82	78	82	74
438	84	81	82	78	72	77	71	72	80	76	74	75	77	74	74	71	79	93	89	77	75	76	76	74	86	103	98	79	80	80	78	74	87	95	86	78	93	100	92	74	86	89	80	77	97	97	90	80	93	86	84	86	97	94	88	85	88	84	82	80	82	82	82	82
438	85	78	74	75	74	75	71	71	80	80	77	78	74	77	77	71	78	91	88	78	74	74	74	72	84	103	96	78	79	82	81	73	96	91	87	77	93	100	92	76	87	89	78	78	95	100	90	85	88	86	84	81	93	92	88	83	90	82	79	80	80	80	82	76
438	84	79	77	75	73	73	65	70	80	79	77	78	77	80	73	73	81	92	91	77	75	75	74	73	79	105	92	78	79	81	81	72	91	96	87	79	90	101	91	75	90	86	75	77	95	96	90	83	86	89	83	80	96	92	88	80	88	84	78	80	80	81	86	79
438	84	75	79	76	74	75	68	69	80	77	73	77	72	76	71	71	79	91	87	74	74	75	76	76	82	100	94	75	76	78	78	70	93	90	81	78	83	100	86	75	87	90	76	80	90	98	90	83	86	81	79	83	90	95	83	83	87	85	84	82	84	80	85	76
438	84	81	78	76	73	72	71	71	79	77	78	78	74	75	75	70	81	89	88	75	76	75	76	73	83	104	94	78	80	79	78	76	89	90	84	77	78	99	90	74	89	90	79	78	91	101	88	82	89	85	82	86	90	96	84	84	85	80	80	78	80	81	80	78
438	81	76	80	75	73	73	73	70	85	77	79	75	76	75	72	70	76	86	86	77	75	75	74	74	82	103	98	75	76	77	78	72	89	96	86	76	79	96	92	77	86	88	76	77	80	99	89	85	88	84	81	83	87	102	86	80	85	83	74	79	77	83	83	78
438	87	75	79	74	72	75	74	69	83	78	79	75	74	76	72	70	80	89	89	76	74	77	75	75	80	103	97	75	76	76	76	72	89	94	84	75	78	94	89	75	87	90	78	77	81	101	93	84	91	85	79	84	82	100	86	84	87	82	79	78	79	84	82	81
438	84	77	76	74	69	74	73	72	83	74	76	75	73	73	71	71	79	87	88	74	74	76	76	75	81	101	96	74	75	76	80	72	89	93	83	79	74	89	93	78	90	87	77	76	83	99	93	82	87	87	79	84	81	101	85	85	85	81	74	78	79	84	79	73
439	86	77	77	75	69	73	69	69	77	76	76	76	71	76	74	70	80	89	88	76	75	75	75	74	82	102	96	77	77	77	78	76	87	91	86	74	77	81	98	75	90	87	80	76	79	96	98	82	87	86	83	79	82	97	89	85	86	83	76	79	75	80	83	77
438	85	76	79	74	76	74	70	73	81	78	76	77	77	77	72	72	79	86	93	75	76	75	75	72	80	100	99	77	75	78	80	71	89	93	90	73	77	82	100	76	90	91	82	76	80	100	94	87	93	87	83	79	83	96	86	82	87	83	80	82	81	83	81	78
438	85	77	82	77	73	77	73	70	82	78	76	77	76	78	74	72	76	84	92	76	74	76	75	72	81	99	100	73	76	79	84	73	86	92	91	78	77	99	93	77	90	90	79	79	85	95	90	81	88	84	82	82	88	101	82	82	86	87	79	83	80	85	81	80
438	84	75	78	76	75	72	72	71	77	78	77	80	74	79	75	75	79	82	89	75	72	73	76	73	81	100	97	77	75	81	81	74	86	91	90	78	89	95	88	77	90	89	81	78	97	98	90	81	87	85	81	83	98	95	87	82	85	85	81	78	84	81	82	74
438	81	79	77	78	73	72	69	72	80	78	78	76	76	79	71	71	80	87	93	76	75	76	75	73	81	102	96	77	77	83	79	73	89	91	85	79	97	94	89	76	90	92	80	81	100	92	88	84	86	87	83	84	104	87	84	80	84	87	82	84	85	81	82	73
438	83	81	79	75	74	77	72	69	79	79	76	78	74	80	76	73	77	90	84	80	74	77	73	72	84	104	92	79	77	86	77	76	90	89	84	83	101	92	87	75	93	88	79	84	100	89	86	80	94	85	85	86	103	87	85	81	85	86	80	82	86	79	78	78
438	81	81	77	74	77	72	73	70	80	78	75	77	77	76	73	72	82	94	86	77	77	76	77	78	85	104	89	76	78	88	81	72	91	94	81	84	100	96	87	76	90	90	78	87	100	89	90	76	88	84	80	83	103	82	87	81	85	84	81	83	87	79	84	74
438	85	79	80	75	76	77	69	72	84	78	77	78	76	76	74	72	81	96	82	77	79	77	76	70	85	103	89	76	79	84	80	73	91	93	78	82	100	97	84	77	88	90	79	83	100	92	90	80	89	86	81	86	102	85	89	81	86	83	78	84	83	80	79	76
438	86	82	81	75	74	75	74	73	81	76	77	76	75	76	75	69	82	98	78	77	77	77	74	74	88	104	81	80	79	88	77	71	91	88	80	78	100	97	86	71	90	87	76	79	102	94	89	80	89	85	78	85	102	88	86	80	87	84	81	82	89	82	85	73
438	82	76	78	75	73	73	73	72	80	80	77	75	72	79	74	69	82	98	79	76	76	79	77	71	90	101	77	76	77	84	75	74	93	91	79	76	99	98	85	72	87	88	75	80	102	96	91	81	91	84	78	82	103	88	89	79	86	86	77	82	87	81	85	75
438	86	80	75	78	74	76	68	74	82	74	78	78	77	77	74	70	81	97	78	75	74	77	75	71	94	100	80	77	80	83	81	74	93	90	74	78	99	97	87	76	92	84	78	81	99	94	90	79	88	86	75	87	99	88	83	81	85	88	78	78	90	80	82	75
439	82	78	77	76	72	73	73	71	81	79	76	76	76	76	78	72	83	97	80	79	78	78	76	75	91	100	80	79	81	84	80	75	93	88	80	81	102	95	89	77	89	86	75	85	101	92	93	84	88	89	75	84	102	87	88	82	83	85	77	82	86	80	78	78
438	80	80	76	77	73	75	69	72	82	78	77	79	76	78	71	71	85	95	78	78	76	76	77	72	93	103	83	80	81	83	77	71	90	91	77	83	100	99	85	76	88	87	78	83	103	92	90	79	88	85	77	88	104	87	86	83	90	89	77	79	88	79	83	75
439	86	80	79	78	73	76	76	73	83	77	76	82	79	78	73	74	84	98	79	76	76	76	79	73	89	102	81	75	79	84	78	74	97	91	78	81	98	100	83	75	91	90	80	83	100	96	90	85	92	86	78	85	104	93	85	85	84	86	79	80	86	79	80	75
439	83	78	79	77	72	78	72	72	84	76	78	75	76	77	74	72	85	97	80	78	76	80	77	75	90	103	83	78	80	81	78	75	97	91	83	78	98	100	92	75	90	85	79	81	104	97	90	82	90	84	77	83	100	93	86	82	83	84	76	82	87	84	84	80
439	86	78	79	76	75	75	72	69	83	80	77	78	76	77	76	70	80	93	82	76	75	76	76	72	87	104	86	81	80	82	79	74	95	89	82	78	96	101	86	71	93	92	79	80	100	98	91	84	94	87	82	85	102	96	87	84	87	87	79	82	86	83	83	78
439	83	82	79	78	77	73	71	70	82	80	76	78	74	79	73	73	81	93	83	76	77	76	78	71	81	103	87	76	78	81	81	74	94	92	85	78	96	100	91	73	86	91	75	82	103	98	93	81	93	85	85	82	101	97	87	85	89	85	80	80	84	81	82	78
438	83	82	80	73	78	76	71	72	83	80	76	80	78	82	77	75	82	95	89	78	75	79	75	73	91	104	93	82	83	84	80	76	90	92	85	76	94	98	92	74	88	93	79	83	99	101	89	83	90	86	81	84	98	96	86	84	87	86	78	83	87	81	83	78
439	87	78	81	77	74	76	70	71	85	79	80	79	76	78	77	73	81	96	92	78	77	76	78	76	86	105	95	76	81	81	83	74	89	97	84	81	93	98	93	75	92	90	83	79	99	99	92	87	93	85	82	80	101	94	89	82	86	83	79	82	84	81	84	78
439	84	81	78	75	75	76	72	72	83	78	79	77	77	79	74	72	80	94	87	80	75	76	79	74	83	102	96	77	80	78	84	73	92	94	83	78	93	98	93	76	88	91	82	79	96	99	91	86	89	89	83	85	101	96	90	84	88	88	82	80	82	82	82	79
439	83	80	79	80	74	76	72	75	84	79	77	76	76	81	76	69	79	93	87	78	76	76	78	73	81	105	97	79	80	83	84	74	91	95	87	80	91	96	90	78	87	91	82	79	99	99	89	83	91	85	81	84	100	98	87	84	83	83	79	82	83	80	85	77
439	83	79	81	79	75	76	70	71	83	83	81	78	74	77	74	72	78	93	91	80	77	77	77	73	84	103	96	77	78	82	82	74	93	93	88	80	90	100	92	78	89	91	77	78	101	98	92	86	88	84	84	83	99	95	82	84	86	86	81	82	88	81	84	77
438	88	79	82	75	74	75	74	73	85	79	79	78	75	81	77	71	85	94	91	79	79	77	78	76	84	104	96	77	81	85	81	75	92	91	85	77	90	99	88	74	94	91	80	79	102	101	92	83	91	88	84	85	100	96	87	84	88	86	80	80	88	85	85	76
439	82	78	79	76	72	79	70	71	85	79	78	80	78	77	76	70	77	89	92	80	77	78	74	74	82	102	99	79	78	87	78	74	93	93	88	79	94	100	87	76	88	91	82	80	100	99	91	81	90	88	84	85	99	95	83	85	89	86	79	81	84	83	85	79
439	85	82	83	78	75	78	77	73	84	81	78	77	75	83	73	72	79	89	93	78	78	77	77	75	85	101	102	80	79	87	78	77	90	95	89	78	95	101	86	74	89	94	85	79	102	98	93	79	94	88	88	85	100	99	87	80	89	87	82	82	83	82	84	75
439	83	81	79	77	74	75	70	75	85	81	80	79	78	81	75	72	79	82	94	80	76	76	77	74	81	95	105	80	78	84	77	73	88	98	94	81	94	100	85	73	91	93	84	81	96	100	91	78	89	85	90	84	99	94	87	82	90	87	81	80	86	82	85	71
439	89	79	82	77	75	74	75	72	84	82	79	78	79	78	79	71	83	92	96	81	76	80	74	74	79	100	99	76	80	83	79	73	89	96	86	79	79	100	85	76	87	95	83	76	88	102	91	80	92	87	89	84	90	100	85	81	84	86	80	84	85	87	80	78
439	85	79	79	81	75	77	74	74	86	81	79	80	78	80	77	73	82	94	95	78	78	78	77	74	83	104	99	77	79	83	77	79	91	96	88	77	78	97	83	74	89	90	85	78	85	103	92	84	89	87	87	84	88	102	85	84	88	86	82	83	82	88	84	77
439	84	80	77	79	77	78	70	77	87	77	79	77	77	78	76	69	82	95	92	82	76	81	78	76	81	103	99	75	77	82	75	76	88	94	87	77	80	96	84	76	92	91	87	76	87	102	91	81	88	87	90	83	86	102	87	85	84	84	78	82	82	86	84	77
439	88	82	79	77	73	79	73	72	84	81	78	79	75	78	77	72	78	94	93	77	74	78	75	75	83	100	100	77	78	82	79	73	90	96	88	78	78	99	87	74	92	92	86	79	86	100	91	80	86	88	87	87	87	101	88	81	87	85	83	84	85	88	85	75
439	87	80	81	72	74	75	73	73	87	79	79	79	78	78	76	71	81	93	93	78	76	77	78	72	85	101	98	76	77	82	75	73	89	93	85	76	79	96	86	73	93	89	83	80	85	103	89	80	92	90	84	85	86	103	87	83	89	86	79	84	80	89	82	76
439	80	80	77	74	74	75	72	75	84	83	79	78	79	80	73	72	79	92	88	76	74	74	78	73	85	103	97	79	78	88	78	74	89	91	86	77	77	94	83	72	91	90	80	77	83	101	91	80	90	87	86	88	86	101	84	86	83	88	82	84	80	88	80	78
439	83	81	80	79	75	76	69	73	83	78	78	76	75	78	73	71	78	93	91	77	75	76	76	75	84	105	95	80	75	89	81	75	95	92	87	80	77	91	89	77	92	91	86	77	85	102	93	82	88	89	82	84	87	101	87	85	90	87	86	83	84	90	83	75
439	87	80	77	80	77	75	75	71	83	78	80	81	75	76	76	74	81	93	91	80	73	79	73	73	82	104	98	80	78	88	80	70	92	93	89	79	78	94	89	78	93	92	81	77	87	103	91	83	91	87	81	84	88	102	82	84	89	88	83	84	83	88	83	73
439	84	85	79	81	75	79	73	72	87	77	80	77	75	76	77	70	79	90	95	77	75	80	75	75	79	102	99	77	78	90	80	72	90	92	87	74	80	87	87	75	89	92	82	79	83	102	94	83	89	87	86	77	92	97	89	81	89	88	82	84	87	91	82	76
440	83	78	81	74	74	75	70	74	83	78	80	79	76	76	74	73	81	92	94	77	77	78	77	76	82	104	101	80	77	89	81	75	92	92	87	79	78	90	88	76	93	91	84	77	87	102	92	83	88	86	88	82	90	98	88	83	86	80	81	78	88	91	84	76
439	87	81	81	77	78	75	74	74	85	79	79	79	76	77	75	73	81	89	92	76	75	78	76	72	83	104	99	76	80	88	82	74	90	90	85	79	79	90	86	76	91	89	81	79	84	103	91	85	94	90	85	81	89	98	90	85	90	87	83	83	88	92	84	74
439	84	80	81	75	76	77	71	74	84	81	80	77	76	78	73	75	80	92	94	77	77	78	78	75	84	102	100	79	77	88	81	71	91	95	88	76	79	92	90	77	92	92	83	77	89	99	94	84	89	88	84	84	89	100	89	84	86	85	78	82	86	92	83	74
440	85	80	80	79	74	76	74	73	86	79	78	79	76	77	77	72	79	92	92	79	76	78	79	74	85	104	100	79	78	87	85	75	92	91	88	80	83	99	89	76	90	91	84	74	91	99	93	80	92	88	86	86	91	101	89	89	90	82	82	80	86	88	85	77
440	83	79	81	78	74	76	71	71	86	78	83	77	79	77	76	72	81	97	92	79	77	77	76	74	86	102	96	78	81	84	82	77	92	93	90	80	85	102	92	74	95	93	83	76	92	102	91	86	95	88	84	84	91	101	88	86	85	83	75	84	80	83	82	76
439	85	79	78	81	73	75	70	75	81	77	79	75	74	78	77	73	83	96	89	77	76	77	75	76	85	102	93	77	79	80	79	75	88	94	82	79	81	101	87	77	94	94	83	77	89	103	91	84	88	85	86	84	86	100	84	84	84	83	80	78	81	80	84	76
439	82	81	79	77	73	75	70	73	84	79	76	77	73	78	76	71	78	96	89	77	75	76	75	72	82	103	95	79	77	80	80	74	94	93	86	78	83	101	92	75	90	90	80	77	88	99	90	85	92	90	89	86	88	101	85	83	87	86	83	81	83	84	85	80
439	85	79	81	80	74	76	68	72	80	77	77	75	77	77	76	71	81	98	89	76	75	76	74	73	86	104	95	76	77	76	82	75	92	93	87	76	83	101	95	74	90	91	81	77	87	101	92	84	89	86	85	87	88	99	85	85	87	83	84	83	77	85	84	84
439	82	79	81	80	75	75	68	69	81	79	78	76	75	75	73	74	79	95	90	75	73	75	74	77	88	101	94	74	79	75	84	74	94	93	86	78	83	100	97	74	89	88	82	75	85	104	94	81	92	85	84	85	87	103	85	85	86	88	84	82	80	85	82	84
439	85	79	77	79	74	75	72	73	82	76	82	78	76	75	77	74	81	92	93	78	76	79	75	74	81	104	95	78	77	80	84	74	91	93	84	79	80	99	97	80	96	92	84	77	88	100	93	88	90	84	86	88	88	102	87	85	88	85	83	81	81	83	85	78
439	84	80	79	79	73	72	71	72	85	78	78	78	73	76	73	72	80	90	91	77	76	74	78	72	83	101	98	78	80	80	87	72	91	93	84	76	79	98	96	76	93	91	80	78	88	102	93	85	90	87	87	86	88	104	85	85	87	87	77	84	79	88	81	80
439	84	79	77	78	72	74	72	72	81	79	79	75	77	79	76	73	77	92	90	81	75	76	76	73	84	99	96	79	76	80	86	78	92	90	85	76	82	95	93	77	92	91	80	79	86	99	91	87	89	88	86	86	86	103	86	84	87	87	84	85	79	82	80	80
439	84	77	80	75	77	74	71	73	81	79	78	77	75	76	74	71	77	90	93	77	72	74	75	72	84	102	97	75	78	79	82	73	88	96	88	76	81	101	89	75	90	90	82	78	85	99	92	85	93	87	86	82	89	100	83	87	90	87	82	83	81	82	84	77
440	87	77	78	76	72	74	71	74	85	78	80	78	77	72	78	71	81	87	95	78	76	77	74	75	85	100	104	78	79	87	80	73	91	100	89	80	80	99	88	77	87	93	82	77	89	101	90	86	89	87	86	84	89	103	87	83	91	81	80	81	83	84	84	74
439	85	84	77	77	71	75	70	71	83	78	79	79	78	76	75	72	81	86	97	77	75	78	77	73	79	100	102	81	76	92	77	73	87	95	92	76	82	98	87	72	92	93	86	77	88	98	92	81	92	85	90	86	92	100	87	82	87	87	83	83	81	84	83	76
440	85	80	82	76	76	76	72	71	82	80	76	81	73	79	74	71	77	86	97	79	75	75	78	74	77	98	104	80	76	91	77	73	95	97	91	77	82	97	86	73	90	96	86	76	91	99	93	80	93	88	87	88	93	99	83	82	86	86	84	83	84	85	79	76
440	81	77	77	76	73	72	69	69	83	76	79	79	73	80	72	69	74	84	93	78	73	76	74	72	80	97	101	80	79	89	78	71	87	97	91	78	89	96	82	76	89	94	82	77	96	101	90	77	94	83	87	83	99	95	88	83	87	81	83	77	86	81	82	70
439	83	80	79	73	73	71	67	72	83	78	77	75	75	76	72	71	76	87	94	76	74	76	74	74	80	98	100	77	78	86	75	76	90	94	88	80	85	98	84	74	90	88	82	77	97	99	90	81	88	87	86	84	98	97	88	80	83	85	82	80	84	84	83	70
440	84	77	81	78	74	76	73	69	83	81	78	77	73	79	71	70	80	91	91	76	75	76	75	74	83	103	96	77	78	86	76	72	92	91	87	76	82	96	85	73	92	92	87	78	95	102	90	80	92	84	88	86	97	98	86	81	84	82	83	77	85	82	80	67
440	86	78	77	77	75	74	73	73	79	78	78	77	75	78	74	75	82	95	83	76	75	77	69	72	89	99	84	78	79	88	73	72	92	90	83	88	88	96	80	77	90	88	82	85	99	98	88	78	87	85	86	83	99	95	87	78	86	86	80	82	85	89	78	72
440	84	79	78	75	76	75	74	69	82	79	78	77	76	77	73	67	84	98	79	79	75	76	76	71	87	96	81	74	83	84	76	72	89	91	78	78	94	94	79	75	92	90	79	81	97	102	87	82	87	89	83	83	100	95	88	78	83	86	78	82	87	90	79	73
440	84	76	78	77	76	78	70	72	86	79	74	77	74	74	72	71	85	97	77	76	74	77	73	72	88	96	78	78	80	80	74	72	91	85	75	79	87	98	82	76	87	91	77	76	93	99	88	78	90	87	81	80	96	96	87	79	85	82	83	81	90	86	83	66
439	81	77	78	76	73	74	71	73	81	78	75	75	73	75	74	71	81	95	74	75	74	75	71	71	85	99	79	74	81	78	77	73	94	87	77	75	85	93	92	75	88	85	75	76	89	100	91	80	86	85	79	80	93	95	89	77	84	84	74	80	85	93	80	74
440	82	78	77	75	73	74	71	74	81	76	76	73	75	78	74	70	78	98	79	75	72	74	75	76	87	97	78	73	79	76	75	70	95	86	77	76	83	95	84	79	87	88	77	75	81	101	86	79	85	84	81	80	89	94	86	78	84	85	78	80	85	92	82	70
440	82	77	76	76	73	73	72	72	82	77	74	77	73	73	74	72	80	95	82	76	73	74	73	71	85	102	87	76	81	82	74	69	90	91	81	77	81	98	82	81	89	87	78	74	81	101	93	78	91	83	87	77	88	96	85	74	85	87	80	82	81	93	80	73
439	88	80	78	76	71	71	70	71	82	74	73	72	72	75	71	66	78	91	81	72	71	70	74	71	83	102	88	73	73	74	77	69	90	91	79	71	73	78	92	72	85	90	78	73	75	99	93	80	88	83	80	80	76	97	88	82	87	80	76	77	78	92	79	78
439	85	74	76	71	74	71	69	72	85	75	73	74	71	73	72	68	78	91	83	73	70	72	69	71	84	100	86	72	72	70	77	69	90	88	79	72	76	87	92	76	88	85	78	71	83	96	90	81	86	83	80	80	83	100	81	82	80	78	77	76	80	85	76	74
440	84	76	71	71	69	72	69	66	79	75	77	73	71	74	73	71	77	92	81	74	69	72	72	68	80	96	83	70	72	72	78	72	92	84	76	71	77	87	94	71	84	84	76	74	85	92	88	82	84	82	80	79	88	98	81	80	82	78	78	79	81	81	78	76
439	82	72	78	71	75	72	71	66	79	74	76	71	71	74	71	68	76	87	81	73	71	70	70	74	80	99	84	69	72	72	74	70	87	85	80	72	77	90	92	74	84	85	73	68	84	96	90	83	84	78	80	80	87	97	83	81	84	80	78	80	78	78	78	74
440	85	72	77	73	74	70	70	69	79	74	79	72	72	76	67	71	77	92	83	74	71	72	74	70	78	97	83	73	71	71	76	69	88	85	78	72	78	88	93	73	84	85	74	73	88	95	91	80	85	80	79	80	87	96	83	77	81	86	79	81	77	82	80	77
440	82	79	78	70	72	70	73	73	78	73	75	75	70	73	71	69	78	90	82	72	71	71	72	70	81	94	84	70	73	71	78	72	86	86	75	71	79	93	91	74	87	85	77	76	89	94	89	83	85	82	79	82	89	96	81	80	87	81	78	80	78	80	77	77
440	83	76	77	74	71	73	67	71	78	76	73	73	73	72	71	70	76	92	79	75	67	73	67	70	81	95	81	71	74	73	75	67	88	84	75	75	78	93	85	71	86	83	74	72	89	95	87	79	85	79	80	80	87	93	81	78	82	76	75	75	76	82	79	70
439	81	74	74	72	72	70	63	67	78	73	73	74	71	73	70	66	77	93	74	70	71	75	70	69	82	93	76	72	72	73	69	69	89	84	75	70	78	94	78	71	85	86	78	72	87	94	86	74	86	82	78	80	86	98	82	73	79	76	76	78	75	81	78	72
440	79	77	73	72	69	68	67	67	80	73	74	73	69	72	70	65	78	93	78	74	72	71	73	69	81	97	77	73	72	73	71	71	86	84	74	71	76	92	75	70	87	86	75	74	87	95	86	76	84	79	81	80	87	97	85	76	84	76	77	79	76	80	76	67
440	79	74	72	74	71	72	69	70	76	74	73	72	73	72	70	68	78	89	79	72	68	68	69	74	81	96	81	71	73	75	73	70	84	81	75	69	80	92	76	68	88	86	74	74	88	98	86	76	84	77	76	81	86	94	81	76	83	84	76	77	76	77	79	69
440	81	73	77	75	69	72	68	69	80	74	72	74	70	73	70	67	76	90	84	73	72	72	72	70	77	98	84	70	70	74	75	68	85	85	75	71	79	93	79	68	86	82	75	74	90	92	87	74	81	81	77	78	86	98	79	74	83	81	77	77	82	81	79	71
439	83	74	77	70	72	71	68	66	77	76	71	70	70	73	67	70	78	89	82	72	69	73	70	71	79	97	84	71	71	75	73	69	84	87	76	72	74	92	80	69	84	79	78	72	87	95	83	73	82	82	78	82	87	95	85	78	81	77	75	77	78	80	78	70
440	80	74	75	71	67	70	71	68	76	72	73	71	71	74	72	67	75	92	78	71	72	73	73	69	79	100	80	71	74	76	72	68	86	84	77	70	81	91	79	72	87	86	73	73	92	96	85	74	86	80	81	79	91	93	83	76	81	77	74	78	79	79	80	67
439	81	78	78	73	72	70	68	66	78	74	71	75	70	73	69	67	79	91	77	75	68	70	66	68	80	98	82	72	72	75	70	69	85	84	77	73	80	93	78	69	82	84	72	73	88	94	80	70	87	81	80	78	92	92	83	72	77	79	76	77	76	76	76	68
440	78	78	73	72	71	69	69	67	75	74	72	75	71	73	69	70	75	89	82	72	70	70	71	71	78	96	85	70	72	77	69	70	81	86	73	72	79	91	76	67	86	84	75	72	92	94	85	73	85	81	79	80	92	94	82	73	78	80	74	75	78	76	80	69
439	81	71	75	70	71	70	69	67	78	72	75	71	70	73	70	67	75	85	81	73	70	71	71	67	79	97	91	71	73	82	70	67	83	85	76	72	80	91	77	70	82	87	75	73	89	95	85	71	82	76	79	80	88	91	79	71	80	77	73	76	79	80	78	68
440	79	74	74	75	68	71	67	68	79	73	74	73	72	73	70	67	76	88	84	74	69	72	72	72	78	97	91	71	72	79	73	70	86	85	82	70	82	92	74	68	85	82	76	72	91	92	86	66	85	83	80	79	90	92	82	72	82	82	78	77	80	79	77	66
439	78	76	74	74	68	72	68	65	78	74	73	70	72	72	69	66	75	85	84	73	70	71	70	69	77	95	93	70	72	81	72	71	84	85	78	71	79	92	75	67	84	85	73	74	90	92	84	72	81	83	78	81	90	93	83	75	80	79	73	77	81	77	79	67
439	79	75	70	71	71	68	68	65	76	75	70	71	73	71	70	66	76	87	87	75	72	69	73	68	79	95	92	70	71	76	72	68	87	85	77	72	79	91	75	68	84	83	73	71	94	90	80	69	84	77	81	78	93	91	81	71	80	79	77	75	78	79	79	67