Outside, no subjects
==========
279	2694	2437	2227	2223	2134	2139	2224	2440	2446	2133	2128	2044	1891	1973	2051	2231	2334	2056	1963	1964	1817	1825	1971	2143	2336	2051	1965	1885	1827	1826	1970	2139	2243	2062	1971	1823	1766	1832	1979	3847	3973	3946	3951	3933	3925	3935	3949	3956	3969	3952	3945	3961	3958	3968	3972	3984	3979	3979	3984	3986	3990	3990	4003	3996
278	2694	2436	2226	2222	2134	2138	2224	2439	2446	2132	2127	2044	1890	1973	2050	2230	2333	2057	1963	1965	1816	1826	1971	2142	2337	2051	1965	1885	1828	1826	1969	2138	2244	2063	1971	1824	1765	1831	1979	2145	3981	3945	3958	3943	3932	3942	3940	3962	3976	3950	3957	3956	3966	3962	3977	3976	3982	3992	3989	3988	3993	3989	4003	4004
278	2694	2437	2227	2223	2134	2139	2224	2439	2446	2132	2128	2044	1891	1973	2051	2231	2334	2057	1963	1965	1818	1826	1972	2143	2338	2052	1965	1886	1829	1828	1970	2139	3916	2064	1974	1826	1767	3862	3857	3888	3977	3953	3942	3943	3928	3948	3946	3953	3981	3955	3960	3963	3960	3973	3977	3979	3983	3986	3985	3989	3990	3994	3997	3999
277	2694	2437	2227	2223	2134	2138	2224	2439	2446	2132	2127	2044	1890	1973	2051	2231	2334	2057	1963	1965	1817	1826	1972	2142	2337	2051	1965	1886	1829	1827	1971	2139	3863	2063	1973	1824	1766	1832	1978	3871	3980	3951	3950	3936	3931	3943	3948	3944	3978	3949	3961	3949	3967	3970	3981	3986	3984	3985	3994	3994	3993	3996	4002	4005
277	2694	2437	2226	2222	2134	2138	2224	2439	2446	2132	2128	2044	1890	1973	2051	2231	2334	2056	1963	1965	1818	1826	1972	2143	2337	2051	1965	1887	1828	1828	1970	2139	2244	2063	1973	1824	1766	1832	1979	3862	3966	3955	3951	3936	3934	3947	3944	3958	3969	3948	3955	3957	3963	3969	3977	3981	3977	3983	3992	3995	3994	3997	4003	4007
277	2694	2437	2226	2222	2133	2138	2223	2439	2446	2132	2127	2044	1890	1974	2051	2231	2334	2057	1963	1965	1817	1827	1972	2143	2337	2052	1966	1887	1829	1828	1971	2139	3887	2064	1974	1825	1766	1831	1979	3862	3972	3944	3937	3937	3938	3936	3946	3952	3981	3954	3965	3963	3968	3958	3983	3975	3984	3991	3985	3986	3982	3992	4002	4005
276	2694	2437	2226	2222	2134	2138	2223	2439	2447	2133	2128	2045	1891	1973	2051	2231	2334	2057	1963	1965	1817	1827	1972	2142	2337	2053	1967	1887	1829	1828	1971	2139	3918	2064	1973	1826	1765	1831	1979	3842	3962	3958	3939	3937	3925	3931	3936	3948	3982	3968	3963	3966	3961	3963	3970	3976	3977	3994	3987	3980	3987	3995	3996	3995
276	2694	2437	2227	2223	2134	2138	2223	2439	2446	2133	2128	2044	1891	1974	2050	2231	2334	2057	1964	1966	1817	1827	1972	2142	2338	2053	1967	1887	1829	1827	1971	2139	3918	3880	3835	3840	1767	1831	3852	3863	3966	3955	3958	3945	3933	3954	3945	3946	3981	3964	3966	3963	3968	3967	3979	3979	3988	3986	3984	3990	3993	3996	4004	4010
276	2694	2437	2227	2223	2134	2139	2224	2439	2446	2132	2128	2044	1891	1974	2050	2231	2334	2057	1963	1965	1818	1827	1972	2142	2337	2052	1966	1888	1829	1828	1971	2140	3905	3898	3848	3844	1767	3846	3844	3849	3971	3950	3946	3940	3939	3945	3954	3951	3981	3962	3961	3966	3972	3974	3972	3983	3983	3984	3998	3993	3995	3995	4001	4005
276	2695	2437	2227	2223	2134	2139	2224	2439	2446	2133	2128	2045	1891	1973	2050	2231	2335	2057	1964	1965	1817	1826	1971	2143	2338	2052	1965	1886	1829	1827	1971	2138	3928	2064	1974	1825	1767	3841	3869	3862	3969	3961	3954	3942	3934	3948	3960	3955	3976	3972	3966	3968	3975	3971	3983	3990	3983	3989	3989	3992	3987	3989	4008	4005
275	2694	2437	2227	2223	2134	2138	2224	2439	2447	2132	2128	2044	1890	1973	2050	2231	2334	2057	1963	1965	1817	1827	1971	2142	2338	2052	1965	1885	1827	1827	1970	2139	3912	2064	1973	1825	1767	1833	3872	3907	3970	3954	3948	3944	3938	3946	3960	3958	3978	3966	3957	3961	3962	3975	3977	3985	3985	3983	3981	3988	3986	3993	3997	4004
275	2694	2437	2226	2223	2134	2138	2223	2439	2446	2132	2127	2044	1890	1973	2050	2231	2334	2057	1963	1965	1816	1825	1972	2141	2338	2052	1965	1885	1826	1825	1970	2138	3868	2063	1972	1823	1766	1833	3876	3903	3983	3958	3957	3943	3945	3956	3956	3966	3987	3966	3964	3959	3958	3967	3977	3988	3983	3990	3983	3990	3981	3993	4000	4007
275	2694	2437	2227	2223	2134	2138	2223	2440	2447	2132	2128	2045	1891	1973	2051	2231	2336	2058	1964	1966	1817	1826	1971	2142	2340	2054	1967	1887	1828	1827	1971	2140	3955	3932	3906	3891	3895	3909	3931	3940	3976	3959	3960	3963	3952	3960	3969	3975	3991	3974	3976	3969	3969	3983	3992	3988	3989	3995	3996	3987	3996	3994	4009	4009
274	2694	2437	2228	2223	2135	2139	2224	2439	2447	2133	2129	2045	1891	1974	2051	2231	2336	2058	1964	1966	1817	1826	1971	2142	2339	2053	1967	1886	1828	1826	1970	2140	3914	3869	3876	1825	3845	3891	3922	3926	3993	3972	3966	3963	3954	3965	3971	3982	3995	3982	3966	3973	3977	3977	3990	4001	3999	3992	4003	3997	3994	3993	4007	4008
273	2694	2438	2228	2223	2134	2139	2224	2440	2447	2133	2129	2045	1891	1974	2051	2231	2336	2059	1965	1966	1818	1827	1971	2143	2339	2055	1967	1886	1828	1826	1969	2139	3918	3836	3823	1825	1766	3851	3912	3922	3986	3974	3980	3970	3963	3975	3971	3981	4000	3987	3982	3972	3977	3980	3988	3996	3998	4003	4000	4002	3996	4002	4014	4017
273	2695	2438	2228	2224	2135	2140	2225	2440	2448	2134	2130	2046	1892	1975	2052	2231	2337	2061	1967	1968	1819	1828	1972	2142	3890	2057	1969	1888	1830	1827	1970	2139	3950	3938	3908	3926	3929	3923	3944	3964	3995	3988	3987	3972	3982	3988	3980	3981	4010	3994	4003	3993	3989	3984	3996	3997	4011	4001	4010	4002	4004	4003	4012	4008
273	2696	2439	2229	2224	2136	2140	2225	2440	2449	2135	2130	2047	1894	1975	2052	2233	2337	2061	1969	1969	1820	1828	1973	2143	3918	3866	1971	1890	1831	1829	1971	2140	3959	3943	3943	3945	3963	3960	3966	3982	4002	3991	3987	3985	3981	3988	3988	3993	4012	4002	4000	3998	3996	3990	4004	4003	4009	4010	4011	4007	4007	4011	4019	4013
274	2696	2439	2229	2225	2136	2141	2226	2441	2449	2136	2131	2048	1894	1976	2052	2233	2337	2061	1969	1971	1821	1830	1974	2144	3914	3884	3889	3865	1833	3827	3891	3921	3964	3953	3965	3964	3988	3995	4002	3992	4005	3996	4000	3993	3994	3997	3992	3996	4015	4006	4006	4006	4001	3999	4001	4005	4010	4012	4016	4017	4014	4014	4015	4025
273	2696	2439	2229	2226	2136	2141	2226	2441	2450	2136	2131	2048	1894	1976	2053	2232	2338	2061	1969	1971	1822	1829	1974	2143	3923	3879	3890	3853	1832	1830	1972	3822	3964	3939	3950	3952	3968	3983	3983	3985	4009	3999	3995	3993	3983	3998	3994	3998	4013	4011	4007	4015	4003	4002	4003	4010	4017	4020	4014	4010	4013	4013	4026	4024
273	2696	2440	2230	2225	2137	2141	2226	2441	2449	2136	2132	2048	1894	1977	2053	2233	2337	2061	1969	1971	1823	1830	1974	2144	3921	3888	3888	3896	3846	1830	3828	3885	3966	3955	3960	3961	3971	3989	3998	3997	4008	4003	3996	3995	3994	4000	3996	3995	4025	4008	4009	4004	4011	3999	4005	4010	4009	4020	4018	4012	4017	4015	4021	4020
273	2697	2440	2230	2226	2137	2142	2227	2442	2451	2138	2133	2049	1896	1977	2055	2234	3991	3898	1970	1971	1823	1832	1976	2146	4028	3983	3897	3907	3902	3896	3925	3946	4028	4014	3962	3960	3962	3974	3992	4002	4008	4006	3997	4006	3999	4010	4013	4018	4000	4001	4008	4016	4016	4014	4015	4019	4007	4023	4029	4025	4028	4024	4026	4027
273	2699	2442	2231	2228	2139	2143	2227	2443	3975	3919	2135	2052	1897	1979	2055	2235	4014	4019	4010	3944	1825	1832	3846	2147	4025	4026	4031	4014	3892	3909	3924	3945	4030	4019	4025	4017	3974	3985	3995	4003	4012	4002	3999	3996	3997	4007	4021	4021	4010	4007	3996	4015	4015	4022	4018	4023	4006	4013	4024	4020	4034	4027	4031	4032
273	3987	2443	2234	2228	2140	2143	2229	2443	4015	3981	3959	3924	1899	1981	2056	2235	4023	4016	4020	4027	4018	3918	3880	3879	4028	4015	4027	4035	4044	3974	3925	3950	4034	4024	4025	4023	4032	4014	4004	4010	4014	4008	4006	4004	4005	4008	4016	4028	4023	4009	4006	4010	4016	4023	4025	4026	4014	4024	4025	4031	4032	4038	4039	4036
273	4006	3941	2234	2229	2141	2144	2229	2444	4035	3985	3963	3954	3894	3852	2057	2236	4034	4023	4018	4035	4034	4021	3918	3905	4039	4013	4020	4029	4045	4043	3959	3944	4038	4026	4023	4027	4033	4041	4017	4011	4029	4019	4006	4009	4010	4012	4020	4023	4023	4004	4006	4010	4013	4020	4024	4031	4022	4027	4024	4032	4031	4033	4041	4039
273	3949	4018	3861	2229	2141	2144	2229	2445	3986	4036	3978	3968	3942	3915	3881	2237	4022	4033	4013	4022	4025	4037	4013	3924	4033	4031	4020	4023	4036	4046	4045	3958	4037	4033	4029	4027	4027	4032	4044	4007	4023	4033	4016	4013	4012	4016	4017	4019	4026	4013	4007	4003	4010	4008	4025	4027	4013	4026	4024	4024	4031	4030	4039	4038
273	3871	3958	4020	3828	2141	2145	2230	2444	3933	3989	4035	3975	3969	3970	3917	3886	4001	4013	4029	4016	4017	4026	4035	4027	4020	4019	4030	4015	4023	4027	4045	4047	4026	4024	4027	4020	4027	4022	4034	4033	4022	4017	4028	4010	4000	4013	4010	4006	4018	4015	4020	4010	4005	4009	4019	4021	4021	4027	4024	4032	4021	4032	4036	4036
273	3903	3889	4033	3986	2142	3843	3856	2445	3979	3922	4022	4025	3993	4007	3992	3965	4020	4001	4026	4023	4018	4020	4038	4034	4021	4009	4015	4021	4018	4020	4034	4042	4020	4021	4021	4019	4018	4019	4020	4022	4007	4010	4019	4019	4000	4009	4012	4012	4015	4015	4013	4015	4000	4012	4010	4017	4018	4022	4020	4029	4023	4029	4038	4034
272	3963	3842	3881	4043	3939	3861	3843	3884	4005	3940	3917	4034	4012	4007	4004	3999	4007	4009	4002	4017	4015	4016	4023	4034	4006	3997	4011	4016	4028	4013	4024	4026	4012	4013	4012	4010	4020	4011	4026	4019	4002	4000	4008	4017	4014	4011	4006	4008	4009	4000	4004	4012	4007	3999	4009	4016	4010	4027	4026	4028	4032	4029	4035	4036
272	3998	3958	2234	3893	4035	3935	3866	3863	4020	3991	3932	3902	4030	4018	4004	4001	4012	3993	4003	3994	4014	4017	4013	4025	4015	3991	3998	4004	4012	4019	4019	4024	4011	4009	4004	4011	4012	4021	4023	4020	4007	4001	4002	4001	4016	4023	4006	4005	4012	4005	4005	4012	4015	4016	4010	4011	4011	4022	4017	4023	4024	4027	4032	4030
272	4018	4003	3960	3833	2142	4034	3947	3886	4027	4004	3988	3955	3862	4017	4019	4002	4015	4010	4001	3992	4003	4001	4024	4019	4025	4004	3999	3990	4007	4005	4023	4024	4017	4014	4005	3998	4007	4011	4028	4023	4010	4005	3999	3999	3999	4017	4025	4020	4014	4005	4006	4012	4014	4015	4020	4014	4020	4021	4021	4024	4031	4031	4031	4028
273	4005	4004	4012	3983	3883	2146	4015	3988	4015	4009	4009	3999	3992	3927	3991	4029	4012	4007	4002	3996	3992	4000	4006	4024	4024	4012	4010	3997	3994	3998	4007	4026	4019	4011	4009	3998	3995	4001	4013	4023	4010	4006	4001	3999	3990	4005	4010	4029	4010	4008	4006	4016	4010	4011	4015	4019	4020	4029	4024	4030	4034	4029	4033	4041
273	4011	4003	4015	4007	3966	3876	3874	4024	4016	4004	4013	4007	3995	3998	3938	4008	4019	4008	4008	4003	3992	3999	4004	4012	4026	4017	4015	4006	3997	3990	4004	4013	4022	4011	4005	4000	3995	4001	4009	4019	4012	4009	4001	3998	3992	4007	4005	4026	4014	4010	4006	4010	4014	4016	4022	4018	4017	4029	4023	4028	4029	4031	4035	4032
273	4003	4000	4010	4009	3999	3938	3871	3978	4008	4003	4002	4008	4001	3999	3952	3975	4014	4012	4007	4012	4008	3987	4009	4010	4025	4014	4012	4015	4006	3991	4004	4014	4020	4011	4009	4006	4006	4000	4010	4015	4010	4004	4003	4003	4003	4002	4004	4016	4011	4005	4004	4007	4010	4010	4015	4020	4016	4033	4031	4031	4029	4034	4037	4030
273	4010	3999	4005	4024	4006	3967	3903	3904	4017	3999	4001	4014	4014	4007	4005	3954	4017	4016	4016	4015	4008	4010	4003	4021	4021	4011	4014	4015	4010	4008	4005	4007	4019	4017	4013	4009	4016	4013	4012	4018	4005	4015	4011	4006	4004	4011	4004	4017	4018	4012	4011	4015	4016	4015	4019	4021	4004	4026	4027	4029	4030	4034	4039	4038
274	3973	4007	4007	4011	4019	4022	3946	3921	4013	4015	4007	4014	4025	4031	4011	3989	4019	4015	4015	4016	4024	4026	4022	4027	4029	4020	4030	4028	4025	4029	4022	4021	4025	4029	4032	4024	4030	4027	4027	4023	4022	4014	4025	4022	4016	4018	4023	4025	4018	4014	4018	4020	4016	4018	4020	4029	4019	4034	4031	4041	4031	4036	4040	4043
273	3981	4011	4013	4015	4028	4022	3998	3958	4006	4023	4018	4018	4024	4034	4019	4016	4022	4025	4018	4030	4030	4032	4019	4027	4030	4022	4032	4033	4030	4025	4029	4017	4026	4024	4024	4020	4024	4026	4023	4023	4018	4019	4026	4019	4015	4023	4024	4021	4023	4017	4022	4022	4028	4030	4031	4032	4024	4033	4038	4038	4042	4043	4044	4039
274	4018	4018	4015	4026	4029	4022	3972	3938	4029	4016	4020	4030	4030	4031	4013	3992	4033	4036	4027	4035	4031	4031	4021	4032	4030	4031	4029	4034	4035	4031	4021	4031	4034	4035	4035	4034	4028	4027	4028	4027	4023	4028	4028	4029	4022	4029	4032	4036	4023	4020	4023	4028	4029	4029	4032	4032	4030	4042	4039	4045	4046	4043	4050	4044
274	4019	4023	4019	4029	4031	4024	3965	3920	4034	4027	4027	4040	4031	4036	4014	3991	4031	4033	4033	4039	4033	4038	4025	4033	4040	4038	4041	4041	4038	4038	4029	4029	4033	4033	4037	4030	4038	4031	4033	4033	4025	4031	4034	4032	4028	4029	4027	4037	4033	4030	4032	4039	4036	4031	4038	4042	4032	4046	4050	4052	4053	4049	4053	4049
274	3999	4027	4030	4026	4032	4034	4010	3955	4037	4037	4026	4032	4039	4043	4029	4019	4033	4040	4039	4042	4039	4040	4037	4023	4039	4039	4040	4049	4044	4041	4036	4034	4035	4041	4045	4041	4041	4039	4040	4032	4036	4035	4037	4041	4035	4043	4028	4035	4037	4028	4037	4042	4038	4034	4038	4040	4043	4050	4048	4057	4048	4048	4052	4052
274	3958	4020	4028	4019	4030	4037	4029	3984	4007	4032	4035	4029	4033	4045	4032	4021	4028	4040	4043	4041	4039	4046	4044	4036	4047	4039	4047	4046	4047	4049	4048	4035	4039	4043	4046	4043	4045	4039	4039	4037	4034	4042	4039	4037	4041	4043	4039	4037	4040	4036	4033	4042	4040	4039	4041	4041	4037	4045	4047	4057	4053	4049	4054	4041
273	3930	4022	4036	4026	4028	4040	4034	4011	3969	4033	4036	4030	4032	4047	4039	4029	4016	4036	4043	4044	4040	4044	4044	4038	4035	4041	4044	4051	4049	4046	4046	4041	4038	4045	4038	4044	4044	4041	4042	4040	4038	4042	4041	4042	4037	4045	4042	4041	4045	4041	4048	4041	4039	4041	4038	4039	4034	4055	4051	4057	4051	4053	4061	4055
274	3904	3927	4033	4032	4026	4026	4035	4032	3950	3961	4031	4040	4025	4034	4033	4038	3988	4012	4040	4044	4042	4043	4042	4044	4026	4030	4039	4041	4044	4042	4046	4047	4021	4029	4038	4036	4036	4035	4036	4032	4034	4033	4035	4035	4036	4039	4036	4039	4040	4042	4048	4048	4041	4039	4038	4041	4033	4050	4051	4056	4055	4057	4060	4054
273	3848	3857	3912	4027	4029	4025	4022	4029	3927	3926	3952	4036	4038	4032	4031	4032	4020	3959	3994	4032	4038	4041	4043	4039	4028	4022	4026	4039	4039	4040	4042	4044	4032	4024	4031	4037	4039	4037	4042	4036	4029	4035	4037	4037	4038	4044	4038	4042	4038	4040	4052	4049	4045	4040	4042	4044	4035	4052	4051	4054	4053	4054	4060	4056
274	2699	2444	3869	3941	4024	4030	4025	4026	3912	3929	3932	3963	4036	4052	4035	4035	3957	4072	3970	4007	4042	4043	4053	4042	4021	4019	4024	4026	4041	4042	4049	4048	4040	4027	4026	4026	4045	4038	4040	4043	4026	4029	4032	4043	4038	4042	4043	4045	4040	4040	4046	4052	4050	4050	4049	4044	4029	4043	4055	4056	4057	4056	4059	4054
274	2699	3855	3883	3920	4018	4039	4033	4033	3916	3929	3956	3958	4022	4047	4038	4039	3974	3984	3990	4004	4034	4048	4049	4046	4031	4030	4034	4035	4044	4045	4045	4047	4037	4034	4028	4030	4043	4044	4045	4046	4031	4039	4041	4050	4053	4050	4049	4047	4047	4042	4049	4057	4054	4057	4056	4056	4044	4049	4055	4054	4057	4061	4063	4065
275	2700	3871	3908	3919	3979	4038	4038	4034	3920	3940	4016	3959	3997	4051	4049	4048	3997	4003	4028	4011	4029	4047	4057	4051	4032	4035	4037	4035	4042	4051	4051	4051	4039	4038	4040	4031	4044	4046	4048	4055	4036	4043	4048	4056	4048	4052	4049	4050	4051	4048	4050	4061	4058	4060	4061	4058	4045	4056	4055	4063	4062	4064	4073	4068
274	2700	3872	3891	3911	3930	4034	4033	4030	3917	3928	3982	3971	3972	4042	4046	4041	4008	4012	4014	4021	4025	4050	4051	4060	4039	4039	4036	4034	4040	4046	4053	4049	4042	4046	4042	4038	4044	4051	4050	4053	4044	4050	4048	4053	4054	4058	4050	4053	4058	4053	4052	4064	4060	4063	4067	4064	4050	4053	4060	4063	4067	4068	4072	4068
275	3872	3907	3934	3941	3944	4040	4043	4048	3945	3950	4020	3982	3993	4052	4052	4048	4018	4027	4027	4035	4038	4056	4057	4058	4044	4044	4045	4043	4043	4057	4052	4058	4049	4055	4053	4047	4052	4060	4058	4065	4053	4058	4058	4060	4064	4068	4057	4060	4056	4064	4061	4070	4069	4071	4069	4074	4057	4064	4062	4074	4074	4072	4076	4075
275	3908	3892	3927	3944	3938	4028	4046	4043	3952	3942	3978	4018	3987	4037	4057	4055	4026	4026	4029	4028	4036	4052	4061	4055	4048	4050	4050	4050	4048	4059	4062	4056	4050	4049	4052	4047	4051	4055	4059	4054	4048	4054	4055	4058	4067	4065	4060	4057	4059	4055	4066	4067	4069	4070	4068	4073	4048	4062	4058	4071	4068	4073	4069	4072
275	3868	3898	3907	3938	3942	3968	4039	4046	3937	3937	3960	4087	3982	4013	4050	4054	4010	4023	4035	4035	4033	4042	4056	4054	4024	4045	4052	4047	4043	4047	4059	4055	4045	4049	4050	4051	4050	4054	4062	4055	4052	4055	4062	4062	4064	4071	4060	4055	4054	4058	4067	4066	4069	4067	4069	4065	4054	4059	4064	4068	4069	4068	4072	4068
275	3858	3901	3914	3933	3940	3957	4038	4048	3936	3940	3955	4021	3994	4001	4043	4056	3999	4029	4034	4033	4040	4039	4063	4060	4011	4044	4054	4054	4053	4050	4059	4061	4044	4054	4058	4050	4052	4053	4063	4059	4055	4058	4062	4064	4066	4072	4071	4066	4060	4059	4068	4069	4072	4069	4075	4074	4054	4065	4064	4069	4065	4072	4070	4075
275	3885	3904	3922	3927	3954	3959	4023	4049	3938	3940	3949	3971	4071	3991	4027	4052	3989	4027	4039	4043	4041	4044	4054	4063	4011	4046	4055	4061	4058	4055	4055	4065	4051	4049	4057	4058	4061	4058	4064	4062	4051	4062	4067	4069	4068	4074	4072	4067	4065	4061	4069	4070	4072	4074	4076	4073	4059	4061	4070	4073	4072	4075	4076	4068
277	2700	3829	3872	3874	3861	3886	3889	3883	3874	3886	3901	3930	3921	3950	3948	3945	3911	3906	3932	3944	3961	3982	3995	3988	3951	3952	3988	4003	4018	4009	4020	4017	4027	4041	4043	4050	4053	4053	4050	4046	4046	4057	4052	4056	4056	4060	4062	4062	4049	4049	4060	4066	4067	4057	4066	4063	4038	4055	4055	4063	4061	4068	4066	4064
277	2699	2443	3824	3849	2142	3844	3835	3879	3841	3857	3873	3858	3888	3900	3910	3924	3895	3899	3898	3906	3937	3951	3969	3982	3951	3942	3948	3984	3999	4006	4003	4011	4019	4019	4041	4042	4049	4044	4048	4046	4046	4052	4048	4045	4042	4051	4054	4063	4047	4049	4052	4057	4057	4061	4052	4061	4043	4053	4049	4054	4060	4064	4062	4063
277	2699	2443	2234	2230	2141	2145	2231	3823	3859	2140	3837	3826	3845	3867	3892	3923	3902	3874	3892	3898	3908	3943	3958	3971	3951	3940	3956	3966	3994	3997	4006	4007	4038	4041	4036	4038	4043	4041	4047	4042	4037	4039	4037	4037	4039	4048	4052	4055	4049	4042	4046	4054	4049	4057	4051	4057	4040	4049	4050	4057	4054	4057	4057	4061
277	2699	2443	2233	2229	2141	2145	2230	2446	2451	2139	2135	2052	1899	1981	3862	3878	3900	3868	3873	3877	3866	3914	3940	3957	3957	3946	3944	3952	3972	3984	3996	3999	4035	4046	4034	4032	4041	4036	4037	4036	4038	4040	4036	4037	4032	4041	4043	4050	4047	4040	4044	4045	4046	4052	4051	4056	4041	4046	4047	4046	4053	4052	4059	4051
277	2698	2443	2233	2229	2141	2145	2230	2446	2451	2140	2135	2052	1899	1981	2057	3903	3944	3896	3887	3874	3891	3902	3946	3975	3975	3957	3974	3972	3986	3999	4009	4012	4043	4038	4047	4042	4037	4030	4035	4037	4047	4039	4036	4033	4035	4036	4044	4051	4045	4037	4039	4038	4038	4047	4051	4052	4039	4047	4048	4043	4044	4043	4051	4055
276	2698	2442	2233	2229	2140	2144	2229	2445	3841	2139	2135	2052	1898	1980	2057	3863	3928	3892	3874	3872	3865	3886	3926	3961	3968	3939	3951	3951	3967	3978	3996	4007	4033	4032	4036	4034	4031	4031	4032	4030	4042	4040	4030	4027	4031	4033	4034	4048	4041	4032	4034	4040	4039	4041	4049	4050	4028	4041	4043	4046	4043	4044	4048	4048
277	2698	2442	2232	2228	2140	2144	2229	2445	2451	2139	2134	2051	1898	1980	2057	3845	3916	3829	3852	3836	1825	3879	3924	3957	3966	3937	3948	3946	3968	3972	3985	4004	4029	4032	4033	4031	4028	4026	4033	4025	4032	4034	4027	4023	4018	4026	4029	4041	4039	4032	4031	4033	4035	4034	4036	4050	4029	4035	4043	4043	4039	4043	4049	4047
277	2699	2442	2232	2228	2140	2144	2229	2444	2451	2138	2134	2050	1898	1980	2057	2237	3912	2064	1970	1972	3828	3851	3926	3938	3949	3932	3941	3940	3959	3974	3984	3991	4037	4030	4030	4021	4024	4018	4023	4026	4030	4029	4015	4021	4016	4025	4033	4029	4034	4033	4032	4030	4030	4034	4038	4042	4024	4034	4033	4035	4035	4037	4041	4042
277	2699	2442	2232	2228	2140	2144	2229	2444	2451	2138	2134	2050	1897	1979	2057	2236	3896	3865	3840	3834	1825	3884	3925	3934	3981	3967	3962	3970	3978	3975	3979	3985	4036	4026	4027	4014	4020	4016	4020	4019	4030	4022	4018	4015	4014	4025	4024	4032	4031	4020	4024	4026	4029	4030	4033	4037	4027	4033	4028	4029	4032	4036	4037	4042
276	2699	2442	2232	2228	2140	2143	2228	2443	2451	2138	2133	2050	1897	1979	2057	2236	3871	2063	1970	1972	1824	1833	3897	3903	3955	3928	3922	3918	3938	3948	3949	3961	4034	4022	4021	4001	4013	4005	4008	4006	4020	4012	4004	4006	4004	4014	4021	4021	4019	4017	4020	4015	4021	4020	4036	4029	4027	4029	4028	4028	4029	4033	4035	4035
275	2698	2440	2231	2226	2138	2142	2227	2443	2450	2137	2132	2049	1895	1978	2055	2235	2338	2062	1968	1971	1822	1832	1977	3875	3907	3862	3845	3862	3885	3923	3950	3950	3990	3984	3972	3977	3990	3984	3991	3995	4006	3997	4004	3995	3990	3998	3997	4013	4014	4012	3994	4007	4007	4013	4016	4022	4003	4016	4010	4013	4015	4015	4021	4021
275	2697	2440	2230	2226	2138	2142	2227	2442	2449	2136	2131	2048	1895	1977	2055	2234	2337	2061	1967	1969	1822	1831	1976	3853	3896	2057	1971	1891	3858	3909	3919	3941	4002	3997	3979	3977	3992	3992	3991	3991	4006	3997	3992	3991	3980	3998	3998	4001	4014	4002	3999	4003	4004	4007	4015	4012	4010	4009	4016	4012	4010	4011	4015	4019
274	2697	2440	2230	2226	2137	2141	2227	2442	2450	2136	2132	2049	1895	1977	2054	2234	3847	2062	1968	1970	1822	1831	1976	3843	3940	3861	3885	3884	3880	3908	3937	3946	4010	4002	3999	3990	3994	3989	3994	3993	4009	4009	4001	3989	3988	3992	3989	4004	4025	4009	4000	4003	4002	4004	4006	4014	4014	4021	4016	4012	4014	4007	4021	4022
274	2698	2441	2231	2226	2138	2142	2227	2442	2451	2138	2133	2049	1895	1978	2054	2234	3893	2064	1970	1971	1824	1832	1976	3880	3964	3942	3937	3949	3956	3950	3964	3973	4004	4003	4003	3991	3991	3987	3991	3982	4015	4004	4006	3997	3986	3995	4000	4011	4020	4006	4003	4005	4001	4000	4003	4005	4013	4009	4009	4016	4012	4011	4013	4016
273	2697	2441	2230	2226	2137	2142	2227	2442	2450	2138	2133	2050	1895	1978	2054	2234	2338	2062	1971	1972	1823	1831	1976	2146	3937	3930	3924	3922	3928	3953	3954	3970	3989	3989	3987	3985	3996	3991	3986	3989	4013	4000	4005	4001	3997	4000	3992	3996	4017	4012	4009	4003	3994	3999	4000	4006	4008	4021	4015	4011	4006	4011	4017	4015
274	2697	2440	2230	2226	2138	2142	2228	2442	2450	2138	2133	2050	1896	1978	2054	2234	2339	2063	3850	1972	1824	1832	1976	2146	3944	3926	3939	3937	3939	3964	3972	3982	3985	3995	3983	3989	3998	3998	3996	3993	4008	4009	4011	4006	4004	4004	4003	4006	4013	4016	4013	4008	4000	3998	4007	4007	4008	4014	4009	4011	4009	4016	4012	4013
273	2697	2441	2231	2227	2138	2142	2227	2442	2450	2138	2134	2050	1896	1978	2054	2234	3829	2063	1971	3858	1825	1832	1976	2146	3944	3937	3936	3949	3948	3959	3980	3978	4003	3999	3995	3996	4003	4003	3999	3998	4015	4018	4013	4013	4003	4011	4003	4004	4023	4019	4013	4012	4011	4005	4011	4013	4007	4018	4022	4012	4015	4015	4018	4018
273	2698	2442	2232	2227	2139	2143	2228	2443	2451	2139	2135	2051	1897	1979	2055	2234	3880	2064	1971	3865	3884	1833	1977	2146	3957	3930	3954	3956	3952	3937	3960	3967	4005	4006	4005	4000	4007	4017	4019	4013	4021	4023	4023	4019	4013	4027	4016	4014	4025	4026	4028	4027	4019	4016	4012	4015	4020	4022	4025	4022	4018	4018	4019	4020
273	2698	2441	2231	2227	2139	2142	2228	2443	2451	2139	2134	2051	1897	1979	2055	2235	3883	2064	3828	3865	3871	3875	1977	2146	3947	3934	3946	3955	3958	3943	3957	3971	4004	3999	4001	3996	4008	4014	4017	4010	4021	4015	4025	4022	4024	4029	4022	4017	4029	4030	4024	4028	4019	4016	4013	4017	4018	4023	4026	4034	4023	4025	4018	4022
273	2698	2441	2232	2227	2139	2143	2228	2443	2451	2139	2134	2052	1898	1980	2056	2235	3872	2064	3848	3865	3894	3865	1977	3842	3958	3947	3947	3958	3959	3946	3962	3973	4001	4000	4001	4004	4013	4019	4022	4012	4021	4021	4026	4021	4026	4026	4018	4017	4028	4025	4029	4032	4024	4021	4021	4022	4015	4023	4032	4031	4031	4027	4028	4028
273	2698	2441	2232	2228	2139	2143	2228	2443	2451	2139	2134	2052	1898	1980	2055	2235	3880	2064	3857	3873	3905	3888	3865	3824	3954	3942	3950	3962	3965	3958	3969	3986	4007	4005	4017	4004	4018	4024	4024	4016	4017	4028	4029	4028	4027	4027	4024	4023	4023	4027	4024	4031	4032	4024	4022	4019	4018	4027	4032	4031	4023	4025	4029	4020
273	2698	2442	2232	2228	2139	2143	2228	2443	2451	2139	2135	2052	1898	1980	2055	2235	3897	3865	3880	3894	3899	3895	3865	3865	3960	3944	3957	3968	3974	3960	3975	3984	4013	4008	4011	4007	4022	4020	4030	4014	4028	4028	4025	4028	4026	4033	4026	4020	4033	4026	4028	4022	4028	4025	4023	4026	4019	4024	4026	4035	4028	4029	4034	4025
273	2698	2442	2232	2228	2140	2143	2229	2443	2451	2139	3855	2052	1898	1980	2056	2236	3885	3879	3868	3910	3901	3892	3861	2147	3960	3950	3958	3964	3969	3961	3976	3979	4011	4017	4019	4015	4018	4028	4028	4022	4031	4027	4037	4027	4036	4030	4026	4024	4028	4033	4027	4037	4030	4028	4027	4026	4020	4031	4032	4033	4036	4026	4034	4027
273	2698	2442	2232	2228	2139	2143	2229	2443	2451	2139	3838	2052	1898	1980	2056	2235	3891	3852	3887	3897	3901	3891	3857	3855	3960	3959	3960	3974	3972	3962	3969	3979	4012	4010	4008	4015	4018	4020	4023	4021	4029	4024	4030	4026	4030	4032	4025	4018	4028	4029	4031	4034	4027	4020	4027	4028	4025	4027	4035	4032	4021	4027	4027	4023
273	2699	2442	2232	2228	2140	2144	2229	2443	3858	2139	3831	2052	1898	1980	2056	2235	3915	3905	3891	3901	3905	3899	3858	2147	3971	3957	3960	3967	3969	3954	3956	3960	4014	4012	4011	4014	4018	4021	4025	4026	4028	4026	4038	4031	4030	4030	4028	4030	4030	4034	4035	4038	4030	4025	4030	4030	4020	4026	4033	4035	4027	4034	4029	4028
273	2699	2442	2233	2228	2140	2144	2229	2443	3865	2139	3831	3828	1898	1980	2056	2235	3906	3903	3888	3895	3918	3905	3850	3860	3965	3955	3951	3970	3975	3960	3964	3978	4013	4012	4021	4010	4019	4019	4029	4022	4031	4036	4033	4031	4035	4034	4032	4028	4037	4033	4038	4033	4031	4026	4028	4027	4024	4029	4033	4035	4030	4032	4032	4027
273	2698	2442	2233	2228	2140	2143	2228	2443	3872	2140	2135	2052	1899	1981	2056	2235	3914	3900	3896	3886	3891	3915	3902	3872	3962	3956	3961	3965	3973	3971	3974	3966	4017	4018	4015	4014	4012	4020	4027	4021	4021	4028	4033	4031	4035	4035	4028	4025	4030	4028	4030	4035	4036	4028	4019	4022	4020	4028	4030	4028	4031	4027	4028	4017
272	3886	3829	3847	2229	2141	2145	2230	2445	3994	3966	3918	3893	1899	3844	2057	3818	4038	4043	4038	3957	3918	3933	3945	3945	4040	4044	4049	4000	3958	3977	3986	3999	4037	4035	4034	4024	4017	4017	4028	4024	4014	4009	4012	4010	4024	4029	4035	4036	4013	4006	4015	4029	4032	4027	4032	4029	4014	4026	4026	4029	4031	4029	4038	4019
272	3898	3902	3873	3867	2142	2146	2230	2445	4016	4010	3985	3928	3854	3863	2058	2237	4034	4046	4045	4025	3928	3938	3945	3951	4039	4043	4048	4041	3973	3980	3998	4003	4033	4029	4030	4032	4025	4024	4029	4025	4010	4014	4011	4009	4021	4031	4029	4036	4009	4006	4022	4029	4027	4035	4032	4024	4008	4021	4025	4033	4036	4032	4041	4027
272	3921	3908	3879	3879	2142	2145	2230	2445	4024	4024	4004	3961	3877	3870	2057	2237	4031	4042	4041	4037	3938	3930	3950	3948	4043	4034	4045	4047	3988	3974	3996	3985	4032	4034	4032	4028	4016	4012	4021	4024	4014	4010	4007	4011	4013	4025	4025	4033	4008	4009	4016	4025	4029	4026	4029	4027	4009	4016	4022	4039	4029	4031	4039	4025
272	3945	3916	3913	3892	3872	3836	2231	2445	4018	4017	4022	3997	3934	3884	2058	3856	4034	4029	4044	4044	4009	3934	3940	3954	4034	4029	4042	4043	4033	3973	3992	3997	4034	4025	4026	4022	4025	4013	4022	4018	4019	4013	4012	4011	4010	4024	4031	4033	4009	4005	4013	4020	4027	4020	4027	4025	4007	4013	4023	4030	4036	4030	4029	4022
272	3935	3906	3911	3903	3844	2146	2231	2445	4021	4015	4021	4009	3944	3883	3848	2237	4031	4033	4037	4043	4025	3929	3934	3948	4028	4025	4027	4040	4041	3980	3981	3997	4024	4022	4019	4021	4017	4007	4017	4016	4010	4001	4005	3999	4002	4021	4024	4025	4009	4000	4004	4019	4023	4022	4023	4025	4004	4014	4019	4025	4035	4026	4029	4023
272	3946	3919	3888	3873	2142	3847	2230	2445	4013	4021	4021	4007	3948	3878	2058	3832	4029	4028	4037	4044	4029	3926	3934	3947	4032	4028	4037	4043	4039	3974	3988	3996	4032	4022	4029	4023	4027	4012	4013	4019	4007	3998	4008	4000	4004	4023	4023	4024	3996	4005	4009	4016	4023	4024	4023	4022	3992	4015	4020	4025	4029	4028	4029	4025
272	4027	3961	3937	3915	3898	3868	3837	2445	4043	4016	4028	4036	4016	3975	3899	3863	4035	4026	4033	4039	4048	4043	3944	3931	4042	4032	4029	4037	4043	4043	3987	3986	4032	4021	4023	4021	4025	4025	4019	4020	4006	4004	4011	4004	4009	4012	4024	4021	4008	4001	4008	4013	4027	4029	4031	4024	4006	4017	4019	4027	4030	4028	4035	4036
272	4015	4006	3908	3899	3891	3876	3847	2445	4031	4023	4014	4026	4018	3994	3920	3835	4029	4030	4020	4021	4033	4041	4021	3934	4033	4022	4027	4025	4032	4040	4039	3983	4029	4027	4020	4021	4017	4022	4024	4009	4023	4016	4005	4007	3999	4001	4008	4024	4018	4003	4005	4003	4004	4014	4017	4022	3990	4013	4007	4017	4019	4021	4021	4026
271	3933	4029	3919	3876	3824	2146	2231	2445	3958	4042	4005	4005	4002	4000	3959	3899	4015	4036	4020	4029	4025	4036	4038	3998	4024	4024	4019	4023	4028	4031	4042	4034	4028	4033	4031	4019	4021	4024	4026	4021	4017	4021	4019	4007	4005	4005	4008	4007	4018	4016	4009	4008	4000	4003	4008	4010	4003	4010	4012	4010	4014	4017	4021	4014
272	3933	3909	4023	4038	3927	3936	3915	3907	4010	3937	4018	4034	4014	4019	4025	4017	4013	4011	4018	4029	4016	4022	4027	4035	4018	4016	4021	4029	4024	4021	4024	4032	4018	4015	4025	4018	4019	4015	4019	4013	4011	4008	4021	4026	4005	4006	4005	4003	4004	4011	4012	4016	4005	4003	4006	4016	4010	4019	4019	4019	4025	4024	4031	4016
271	4006	3992	3886	3876	4038	4008	3951	3939	4012	3997	3988	3924	4015	4034	4007	4009	4011	4001	4003	4006	4010	4026	4017	4022	4020	3997	4006	4015	4016	4028	4024	4031	4018	4006	4005	4011	4012	4018	4019	4016	4004	4001	4005	4003	4002	4024	4013	4003	4000	4000	4001	4010	4005	4014	4010	4008	4000	4003	4014	4013	4020	4017	4019	4017
272	4013	3998	3963	3874	3939	4047	3977	3967	4021	4007	3997	3951	3959	4032	4013	4008	4018	4007	3999	4005	4002	4012	4022	4014	4013	4009	3995	4008	4005	4017	4022	4021	4016	4005	3999	4008	4008	4011	4026	4006	4005	3999	3999	3997	3996	4009	4020	4010	4007	3996	3998	4006	4014	4011	4010	4011	3994	4013	4013	4021	4017	4024	4016	4022
270	4020	4014	3992	3912	3856	4033	4009	3982	4021	4006	3987	3985	3938	4018	4023	4003	4014	4013	3991	4003	4005	4014	4027	4018	4020	4005	3998	3999	4008	4010	4028	4020	4018	4005	4002	4002	4008	4007	4022	4019	3998	4001	3996	3998	3990	4006	4020	4024	4001	3999	3999	4002	4003	4008	4010	4014	3993	4008	4011	4012	4012	4019	4020	4017
272	4016	4012	3992	3920	3859	4036	4004	3974	4023	4010	4002	4000	3935	4011	4026	4014	4021	4012	3999	3998	4004	4013	4023	4013	4026	4003	4004	4002	4010	4013	4024	4025	4016	4014	4009	4002	4007	4013	4016	4023	4003	4002	4004	3999	4006	4007	4008	4029	4008	3999	4001	4004	4006	4008	4011	4009	3996	4009	4008	4018	4022	4019	4022	4017
272	4013	4016	4010	3919	2142	3945	4032	3943	4023	4017	4015	3999	3928	3898	4023	4017	4018	4020	4009	4002	4007	3996	4021	4029	4023	4017	4014	4006	4004	4009	4020	4034	4029	4017	4016	4009	4009	4014	4019	4023	4014	4010	4008	4009	4006	4017	4008	4017	4008	4004	4007	4010	4001	4001	4010	4008	3989	3998	4003	4009	4009	4011	4014	4012
271	3998	4004	4020	4012	3984	2146	3852	4016	4006	4002	4013	4012	4002	3974	3880	3987	4004	4012	4012	4010	4004	4001	3989	3992	4019	4013	4016	4012	4013	4000	4009	4013	4019	4023	4014	4016	4013	4005	4007	4016	4019	4012	4009	4007	4009	4012	4008	4013	4009	4013	4010	4009	4011	4003	4007	4012	3998	4004	4013	4006	4012	4003	4015	4009
272	4008	3996	4005	4012	4008	3895	3846	3977	4003	3995	4006	4015	4006	3996	3919	3912	4003	4002	4005	4017	4010	4013	4005	3970	4019	4015	4011	4018	4016	4010	4001	4009	4030	4020	4022	4017	4018	4015	4013	4008	4017	4014	4021	4016	4010	4016	4007	4011	4009	4001	4009	4006	4007	4004	4007	3995	3993	4010	4004	4003	4007	4001	4008	4010
271	4013	4012	4015	4022	4009	3956	3893	3983	4019	4004	4013	4021	4015	4010	3960	3928	4012	4014	4013	4026	4016	4012	4011	4009	4021	4019	4018	4024	4016	4015	4001	4019	4033	4025	4026	4018	4018	4016	4015	4019	4016	4010	4010	4012	4013	4011	4012	4014	4015	4014	4009	4010	4006	4009	4012	4010	3993	4009	4006	4011	4008	4004	4014	4020
272	4006	4006	4022	4020	4016	3948	3890	4012	4015	4005	4018	4023	4010	4008	3941	3974	4026	4021	4020	4026	4016	4014	4014	4018	4027	4023	4022	4019	4020	4013	4009	4019	4032	4029	4031	4025	4021	4018	4019	4020	4018	4014	4015	4012	4010	4018	4017	4014	4022	4010	4017	4016	4009	4012	4007	4013	3986	4013	4012	4018	4010	4014	4016	4019
271	4013	4004	4022	4026	4019	3974	3893	4004	4018	4014	4016	4025	4018	4018	3957	3969	4028	4026	4023	4027	4022	4018	4018	4014	4026	4023	4027	4022	4024	4019	4010	4024	4031	4028	4025	4019	4023	4019	4016	4023	4020	4018	4016	4017	4014	4019	4016	4019	4015	4012	4019	4023	4019	4015	4011	4011	4008	4017	4013	4021	4011	4014	4023	4022
272	4017	4012	4013	4017	4022	4032	4017	3970	4030	4013	4016	4019	4024	4038	4026	4012	4031	4029	4032	4029	4026	4031	4027	4025	4030	4026	4026	4029	4030	4030	4023	4026	4030	4025	4030	4028	4032	4028	4030	4024	4023	4017	4027	4023	4021	4022	4020	4019	4014	4014	4024	4024	4024	4019	4017	4016	4012	4009	4017	4021	4022	4016	4021	4021
272	3974	4023	4018	4014	4017	4029	4025	4024	3991	4026	4025	4025	4023	4030	4029	4026	3979	4022	4027	4029	4031	4032	4030	4029	4022	4024	4034	4027	4033	4030	4037	4032	4022	4028	4031	4029	4032	4029	4032	4026	4010	4016	4020	4023	4023	4024	4032	4029	4019	4015	4021	4027	4028	4027	4024	4022	4013	4026	4022	4027	4028	4026	4032	4030
272	3848	3983	4023	4019	4012	4022	4028	4027	3918	4003	4025	4028	4018	4029	4024	4030	3948	3982	4029	4034	4031	4032	4037	4034	3987	4006	4028	4031	4034	4036	4040	4036	4023	4022	4032	4033	4035	4032	4037	4030	4014	4011	4029	4024	4025	4034	4029	4028	4016	4024	4023	4024	4035	4031	4028	4022	4014	4027	4035	4034	4033	4027	4033	4034
273	2699	3858	4019	4031	4022	4025	4022	4030	3883	3888	4014	4032	4025	4029	4032	4029	3936	3943	4024	4035	4033	4037	4038	4035	3999	3987	4030	4036	4036	4037	4037	4040	4025	4022	4025	4037	4038	4034	4040	4030	4014	4015	4029	4030	4033	4036	4038	4036	4025	4030	4030	4031	4032	4034	4035	4025	4014	4035	4040	4036	4037	4030	4030	4030
272	2699	3856	3962	4028	4031	4023	4016	4024	3885	3892	3975	4028	4037	4033	4031	4026	3965	3951	4011	4043	4039	4041	4041	4037	3991	3998	4023	4040	4042	4037	4047	4047	4024	4023	4029	4039	4038	4039	4039	4037	4016	4018	4026	4035	4029	4038	4040	4038	4031	4029	4037	4038	4038	4036	4034	4034	4027	4040	4044	4042	4037	4040	4033	4033
272	2700	3855	3922	4032	4038	4036	4030	4034	3900	3917	3947	4038	4037	4046	4041	4040	3965	3959	3992	4045	4042	4049	4042	4044	4015	4013	4031	4045	4044	4049	4044	4049	4025	4020	4037	4042	4048	4039	4045	4040	4019	4024	4036	4042	4043	4042	4048	4045	4035	4036	4040	4042	4040	4038	4033	4034	4016	4040	4039	4041	4037	4032	4033	4029
272	2699	3833	3917	4031	4037	4034	4028	4031	3848	3906	3928	4036	4040	4045	4031	4034	3955	3969	3978	4045	4046	4050	4047	4047	4010	4004	4023	4046	4051	4049	4049	4053	4030	4031	4035	4044	4049	4046	4050	4042	4026	4024	4031	4040	4044	4047	4047	4045	4031	4029	4045	4041	4040	4040	4036	4037	4032	4049	4044	4046	4047	4038	4041	4036
272	2699	3842	3894	4016	4037	4041	4028	4030	3881	3908	3924	4011	4042	4054	4041	4039	3936	3999	3970	4024	4052	4050	4052	4051	4008	4003	4016	4041	4054	4052	4049	4049	4034	4035	4037	4040	4055	4050	4050	4044	4027	4028	4034	4043	4046	4048	4046	4049	4032	4041	4046	4052	4044	4045	4044	4042	4029	4041	4048	4054	4050	4043	4050	4036
272	2699	2443	3862	3891	4022	4038	4043	4035	3893	3883	3913	3931	4008	4047	4048	4041	3927	3944	4014	3973	4020	4052	4054	4052	4022	4018	4017	4031	4046	4054	4051	4052	4037	4041	4040	4039	4046	4053	4057	4047	4034	4031	4037	4035	4046	4050	4050	4049	4035	4037	4049	4051	4057	4048	4050	4044	4028	4042	4045	4056	4058	4060	4050	4047
273	2699	2443	3864	3898	3889	4030	4043	4043	3879	3900	3920	3950	3946	4034	4051	4042	3926	3943	3974	4002	3991	4034	4055	4049	4030	4027	4032	4037	4041	4045	4058	4050	4036	4038	4041	4041	4044	4046	4061	4046	4031	4038	4044	4044	4047	4053	4052	4052	4032	4046	4045	4057	4057	4051	4050	4048	4031	4044	4051	4057	4064	4061	4059	4058
273	2699	2443	3867	3880	3888	3908	4029	4041	3889	3898	3905	3936	3954	3961	4024	4039	3927	3948	3952	4001	4000	4005	4034	4048	3991	4029	4036	4038	4040	4042	4043	4049	3997	4040	4043	4046	4042	4037	4045	4051	4025	4035	4042	4040	4046	4051	4051	4053	4032	4043	4048	4055	4056	4061	4059	4049	4031	4049	4045	4059	4055	4054	4059	4054
273	2699	2443	3841	3866	3859	3900	3913	4009	3851	3879	3895	3903	3930	3970	3963	3988	3924	3923	3951	3956	3976	4037	4007	4024	3976	3974	4032	4040	4041	4042	4041	4037	3989	3993	4029	4048	4049	4044	4039	4040	4026	4029	4040	4044	4044	4045	4051	4053	4035	4037	4049	4057	4056	4057	4057	4056	4025	4043	4048	4060	4056	4057	4060	4059
273	2699	2443	3841	3866	3859	3900	3913	4009	3851	3879	3895	3903	3930	3970	3963	3988	3924	3923	3951	3956	3976	4037	4007	4024	3976	3974	4032	4040	4041	4042	4041	4037	3989	3993	4029	4048	4049	4044	4039	4040	4026	4029	4040	4044	4044	4045	4051	4053	4035	4037	4049	4057	4056	4057	4057	4056	4025	4043	4048	4060	4056	4057	4060	4059
273	2699	2443	2234	2230	2142	3889	3904	3932	3858	3863	3878	3905	3905	3955	3963	3975	3891	3908	3926	3955	3958	4013	4005	4015	3976	3971	4001	4039	4047	4045	4043	4038	3987	3990	4005	4042	4050	4044	4038	4032	4026	4035	4038	4047	4043	4050	4048	4055	4029	4040	4047	4049	4056	4055	4056	4059	4030	4045	4046	4056	4059	4060	4053	4049
273	2699	2443	2234	3863	3868	3910	3908	3942	3862	3874	3883	3904	3904	3967	3963	3968	3915	3914	3944	3959	3968	4030	4007	4024	3979	3979	4018	4043	4045	4042	4038	4036	3992	3997	4015	4047	4051	4046	4041	4034	4026	4029	4041	4044	4049	4050	4054	4052	4039	4044	4048	4056	4057	4056	4054	4056	4036	4045	4050	4056	4061	4058	4059	4055