One person, three feet away
435	88	80	82	79	80	80	79	75	82	79	78	80	79	81	79	77	74	77	79	84	87	81	78	76	78	77	77	87	110	82	78	76	79	81	82	91	96	85	80	75	76	78	90	97	94	90	79	76	76	78	97	94	93	90	76	74	70	77	98	89	91	86	75	70
435	84	79	80	82	77	80	74	79	84	81	78	80	80	78	78	74	81	78	78	83	85	80	79	76	77	78	82	88	109	83	75	74	75	79	80	92	97	83	78	76	75	78	86	97	92	89	76	75	74	75	94	95	95	90	75	73	66	78	96	86	93	86	72	70
435	81	80	82	79	76	78	75	79	82	80	79	79	77	81	78	77	77	80	78	82	89	80	77	79	75	76	80	87	109	82	77	76	77	78	81	92	98	84	81	74	74	79	87	94	92	89	79	76	75	80	98	95	94	90	73	74	70	80	95	94	91	88	75	74
435	84	77	78	77	77	80	74	75	85	78	80	83	77	79	76	75	78	79	79	82	86	82	77	76	78	76	75	90	109	86	78	74	73	75	79	89	95	84	76	75	73	78	86	95	91	88	77	74	73	77	96	90	92	88	75	70	72	81	97	88	90	88	73	72
435	84	78	78	79	77	77	75	74	80	80	79	78	78	80	77	76	77	77	76	80	86	79	77	74	79	75	77	85	107	87	77	73	76	79	80	89	98	85	79	76	72	75	86	95	91	90	75	75	76	78	93	92	89	86	75	73	69	78	93	87	86	83	74	71
435	84	81	81	80	80	80	75	76	80	79	79	81	80	81	78	76	76	77	79	82	87	80	79	73	74	74	76	88	104	84	73	72	75	77	81	92	97	82	77	76	73	76	89	94	90	85	75	73	74	80	94	93	91	88	77	70	71	82	96	85	91	83	74	66
436	84	80	79	77	75	77	76	75	81	79	76	80	79	82	77	73	75	77	77	79	88	82	77	73	74	75	75	87	105	84	77	72	76	78	79	92	99	84	75	73	73	76	91	97	90	84	76	72	73	83	96	93	92	83	74	71	67	86	90	89	88	81	73	67
435	84	77	80	76	74	77	71	77	78	77	76	78	77	82	75	72	77	78	78	83	88	80	76	73	74	74	78	91	109	81	75	73	74	79	81	92	100	82	74	73	74	79	92	95	90	82	75	72	74	83	91	94	95	83	74	74	68	94	89	86	85	84	69	67
436	88	82	80	79	76	74	77	75	83	77	77	76	80	78	76	72	76	77	77	81	88	79	74	74	77	74	79	95	108	80	74	71	79	75	83	95	101	79	76	73	74	76	91	96	92	82	78	72	74	83	93	92	91	80	71	72	71	88	87	87	89	78	67	63
435	83	79	79	80	77	76	72	80	77	77	76	78	76	79	77	72	76	76	76	83	83	78	72	73	73	73	79	96	104	79	73	72	74	76	81	94	97	80	77	74	76	77	94	89	88	81	74	71	74	86	93	90	89	83	71	73	73	93	89	90	86	81	73	66
436	85	81	81	80	75	76	77	79	80	77	79	76	77	79	75	74	76	76	76	82	86	79	74	77	75	74	79	95	107	78	72	70	74	76	79	93	97	79	75	75	73	76	90	92	90	87	72	76	69	82	93	92	90	82	72	69	73	86	88	86	84	80	68	65
436	84	82	79	77	75	77	73	73	79	75	77	77	76	77	74	72	76	78	79	80	86	77	75	71	74	73	76	89	106	81	73	73	75	78	81	94	94	78	75	73	73	77	91	96	92	83	76	75	75	81	91	92	91	85	74	69	67	85	87	87	89	84	68	68
436	80	74	79	74	73	78	73	71	78	79	76	76	77	79	73	72	75	76	79	80	88	75	74	74	77	75	77	86	107	83	74	70	74	74	79	86	97	82	75	70	73	76	88	94	90	86	76	72	74	76	92	89	93	83	74	66	64	85	95	87	89	87	71	69
435	85	75	80	74	77	75	77	69	80	75	75	76	77	77	75	69	75	75	74	78	84	79	75	71	73	73	79	83	105	85	73	72	72	76	76	85	93	84	73	70	74	74	85	93	90	88	76	75	69	79	93	91	91	87	74	71	69	80	93	84	89	84	73	65
436	85	79	77	80	76	77	72	73	78	75	75	74	76	73	75	72	76	76	78	79	84	80	75	75	73	71	76	80	108	87	77	73	75	75	76	86	96	88	78	73	68	72	84	92	92	87	76	68	72	78	92	92	89	88	70	70	64	74	90	82	87	84	71	64
436	84	76	80	73	72	76	70	75	82	74	74	77	73	77	73	75	76	72	72	80	84	80	74	72	74	75	76	80	104	90	75	73	74	75	81	86	93	85	78	75	72	70	83	93	91	85	77	73	69	73	90	93	91	89	72	71	63	72	91	87	87	85	73	63
437	83	74	79	77	75	74	74	74	79	76	75	78	74	77	72	70	75	76	76	81	82	80	75	73	73	71	73	77	101	91	78	71	71	78	77	85	95	87	76	73	69	71	81	93	91	87	76	68	71	74	92	90	92	89	75	73	65	74	92	87	87	88	75	63
435	79	75	74	75	75	74	73	69	79	74	73	77	76	77	71	74	74	74	77	76	82	81	76	72	76	71	75	79	104	97	76	73	70	76	74	81	94	88	74	75	69	73	80	94	91	84	76	71	70	70	90	92	89	87	75	74	66	73	93	89	90	85	70	66
436	83	78	78	74	73	76	71	72	76	72	73	77	77	77	73	69	72	76	74	77	82	82	76	75	73	74	75	79	105	96	77	75	73	75	77	85	96	89	76	74	73	72	78	91	93	87	72	70	68	71	88	95	88	90	71	71	69	69	91	92	88	87	74	65
437	84	74	81	75	76	75	73	72	80	75	76	78	75	78	76	73	73	75	76	77	80	81	76	71	73	73	75	78	101	96	73	69	73	75	73	81	95	91	74	74	72	71	81	93	93	87	75	71	69	73	87	92	90	86	70	71	65	76	89	93	85	86	70	67
436	79	74	78	77	73	72	72	73	78	76	76	78	75	79	76	70	74	75	76	76	84	80	75	73	78	74	73	82	105	94	75	70	76	75	76	82	95	88	76	73	72	75	80	94	91	88	78	73	74	73	88	92	92	88	77	71	64	73	89	91	85	84	70	69
436	85	78	75	75	75	75	73	74	78	74	76	76	73	79	77	69	73	77	74	79	82	81	76	74	73	76	73	77	105	92	76	71	76	76	77	80	98	87	74	70	71	72	75	92	91	88	77	68	73	73	91	93	92	89	72	70	68	72	93	93	88	86	72	70
437	82	79	76	75	76	72	73	73	79	79	72	77	74	79	76	73	75	75	79	79	86	81	77	76	75	73	75	77	107	88	73	72	76	76	76	82	99	86	77	75	70	72	78	91	92	89	77	71	70	74	92	91	91	88	74	68	63	69	90	92	84	85	72	67
437	86	77	77	76	78	78	75	72	79	76	76	79	77	80	76	73	72	75	75	76	87	78	75	71	72	71	77	78	105	89	72	71	74	78	76	83	95	87	75	72	71	70	79	92	93	90	80	75	74	70	91	93	92	87	79	69	66	75	93	91	87	86	77	68
437	79	75	78	78	74	77	74	74	82	75	74	76	77	80	76	69	71	77	73	77	82	78	74	73	75	75	76	80	103	91	75	73	73	76	76	80	94	90	80	72	68	73	77	91	89	93	73	71	68	73	88	90	92	90	75	72	64	73	92	89	89	87	76	66
436	83	78	79	80	74	79	77	76	80	75	80	78	75	79	76	73	72	75	75	77	83	81	75	74	77	73	75	79	104	93	77	69	76	77	77	80	95	90	78	73	71	72	81	92	93	90	80	75	70	76	89	93	91	91	76	73	67	71	91	85	87	86	73	65
436	84	76	78	80	77	77	76	74	83	79	76	76	76	78	78	73	73	75	74	80	84	81	75	70	70	72	76	80	102	94	75	73	73	73	77	81	94	90	77	69	71	75	82	93	93	89	78	74	73	76	90	93	91	89	73	72	69	73	95	91	88	87	75	68
437	84	81	79	79	76	76	74	74	77	78	74	78	75	78	76	73	73	74	77	80	83	80	77	74	74	72	75	80	105	89	77	71	77	74	78	85	94	90	76	75	75	73	82	95	93	90	78	71	70	74	90	92	94	89	74	70	70	74	93	88	85	86	75	64
437	87	80	81	76	75	75	75	71	78	78	76	78	76	84	76	76	73	75	73	82	85	80	76	73	74	70	76	79	104	91	74	71	75	75	76	82	95	87	76	75	77	73	84	94	93	93	79	71	74	74	94	94	92	89	76	71	61	76	94	89	85	86	75	67
437	81	80	79	79	78	77	74	72	76	76	76	77	74	79	77	72	76	75	75	78	86	80	75	73	76	73	75	78	106	88	74	75	74	73	78	82	94	88	77	74	69	74	80	95	92	88	77	78	78	73	92	93	95	92	76	74	63	72	92	88	88	87	72	69
437	80	75	79	75	74	78	70	75	83	78	74	77	75	79	74	74	77	80	76	79	85	78	77	74	74	74	78	84	107	83	76	74	77	74	76	87	97	82	76	71	74	77	80	94	91	87	72	76	71	79	93	94	94	90	74	70	66	77	92	91	88	85	74	68
437	82	76	77	77	76	76	71	74	79	75	80	77	76	79	79	72	78	76	78	80	83	76	73	73	73	74	75	96	101	76	73	72	75	77	77	92	92	78	72	71	72	74	88	95	92	83	75	73	69	78	93	92	90	85	72	70	68	78	94	82	88	80	70	65
437	81	76	76	78	75	77	70	73	79	76	78	78	75	78	76	72	75	77	75	87	77	75	74	73	76	74	80	103	93	76	74	74	74	79	83	95	87	75	73	73	74	78	93	93	90	79	73	69	75	82	88	93	90	75	70	66	71	89	89	85	89	77	69	67
437	86	79	80	76	78	75	73	74	79	76	77	77	77	77	74	72	76	77	79	89	77	77	74	73	80	74	87	106	85	75	72	75	78	79	87	94	85	77	77	71	74	78	97	92	90	74	73	72	71	89	89	95	90	77	72	68	72	93	90	88	89	76	70	70
437	81	79	77	75	75	76	75	74	83	75	75	76	77	77	75	74	74	77	78	86	74	75	75	72	71	77	82	107	82	75	72	72	77	79	86	94	84	76	73	76	74	78	94	90	89	77	76	71	73	88	90	93	88	77	73	68	75	94	88	85	90	76	72	66
438	82	78	78	76	75	76	75	74	83	80	76	78	76	77	76	73	77	76	79	92	78	78	75	73	77	76	87	108	87	73	75	71	75	78	88	97	87	74	75	72	73	79	92	92	90	80	73	73	74	87	92	93	90	76	71	70	71	95	85	86	85	77	68	63
437	84	80	77	74	77	77	72	75	83	78	78	79	78	77	77	74	78	73	77	84	81	79	74	74	77	76	80	102	99	77	75	71	74	78	84	97	91	78	78	72	74	74	92	94	90	77	73	71	70	86	89	93	91	79	72	68	66	93	87	87	89	81	70	71
437	82	80	82	79	77	77	71	71	82	78	77	78	76	77	74	73	75	77	78	81	86	78	76	73	72	74	77	93	106	82	73	71	75	78	78	92	94	80	73	77	73	77	92	94	90	82	72	73	71	85	92	93	93	85	72	72	75	89	92	87	93	82	71	66
437	84	81	78	80	74	79	71	74	79	78	77	82	76	79	79	70	75	77	75	78	84	80	75	75	77	74	77	82	104	88	75	71	76	77	77	86	96	89	76	72	73	76	84	95	95	87	78	69	76	78	97	94	95	92	77	73	67	76	94	90	90	86	76	63
437	84	77	76	77	79	76	72	75	79	78	74	78	77	77	73	75	71	74	75	79	76	83	75	74	72	77	76	77	94	103	80	75	73	76	76	81	93	95	78	74	73	74	83	91	91	91	77	70	73	73	91	94	91	91	81	74	62	72	92	94	86	85	76	64
437	81	80	77	77	75	77	73	75	81	73	76	75	76	79	77	72	71	76	70	77	71	82	75	77	74	71	76	74	77	99	94	74	72	76	76	77	89	96	84	75	71	73	78	89	94	90	81	74	71	73	91	95	89	90	84	71	69	68	87	95	88	87	78	67
438	81	76	77	75	75	76	74	73	82	79	80	76	77	80	79	74	73	76	70	76	75	79	83	77	76	73	74	74	78	94	100	78	76	77	78	77	88	95	92	79	73	74	76	90	93	91	85	73	71	76	87	98	91	93	86	71	66	72	85	95	86	86	78	65
438	83	78	80	78	75	75	73	74	82	76	76	79	76	78	73	73	74	74	75	76	71	79	81	76	72	73	74	76	77	98	103	75	75	76	77	77	87	96	92	78	72	77	76	90	94	94	82	76	70	72	84	95	93	92	88	71	65	74	88	95	85	87	81	68
438	82	75	78	76	75	78	75	70	79	75	75	75	76	78	74	72	72	76	76	78	75	82	82	77	73	72	75	77	79	100	96	76	72	76	76	77	85	94	90	72	74	73	74	92	95	93	85	77	71	73	88	95	91	87	86	74	66	75	89	91	86	87	77	71
437	82	77	79	77	77	75	74	76	79	76	76	79	75	79	76	74	72	75	75	76	77	84	81	72	74	73	75	74	84	104	90	76	74	74	76	78	88	94	82	74	72	74	78	93	95	92	82	72	69	74	86	95	88	92	80	72	68	68	93	90	87	86	79	66
438	82	75	78	77	77	75	76	76	78	76	75	81	76	79	75	74	75	79	77	76	78	86	79	78	74	73	75	76	88	106	80	75	74	78	77	79	93	92	84	74	73	74	77	94	97	94	79	75	75	74	88	94	89	91	79	72	68	73	91	88	87	86	75	65
438	85	78	82	75	77	77	74	74	80	77	73	77	77	81	78	74	77	76	78	81	81	86	78	74	78	73	76	77	99	102	80	76	77	77	78	86	96	92	79	74	70	75	82	94	94	90	77	73	74	79	93	94	92	90	74	72	69	76	93	88	90	87	75	67
437	83	78	77	75	77	75	74	71	81	73	76	76	77	78	73	73	75	76	75	78	85	81	76	73	77	76	78	81	105	93	78	71	74	77	78	86	97	86	75	75	75	76	87	93	91	86	76	72	72	79	91	90	88	86	72	68	68	81	93	87	86	84	72	64
438	80	79	75	75	73	75	72	75	79	77	76	80	79	80	77	76	72	76	75	79	89	79	74	74	72	74	74	87	104	84	76	71	74	79	76	90	92	81	76	74	71	73	89	94	94	84	76	75	77	83	91	91	91	83	70	69	69	89	91	88	90	80	73	66
438	85	75	80	76	77	77	73	73	80	78	73	80	78	79	77	77	72	76	79	82	92	79	75	73	75	72	78	97	108	81	76	71	73	78	82	94	92	79	78	73	72	78	95	96	93	82	76	73	77	83	91	93	92	82	74	69	67	93	88	83	87	75	72	67
438	84	80	79	81	74	75	75	76	80	78	74	81	78	76	74	72	71	76	76	90	83	77	71	71	76	74	77	105	97	77	72	70	75	76	83	93	89	74	75	72	74	79	95	95	92	77	74	71	75	88	93	92	90	75	72	71	70	96	87	85	92	75	72	66
438	82	77	75	77	74	77	73	70	78	75	77	78	78	79	71	71	70	78	78	91	81	77	76	72	79	77	83	107	93	73	73	71	76	79	87	96	86	77	73	76	75	81	94	93	91	77	75	72	74	88	90	92	91	77	74	68	74	90	85	85	87	72	73	64
438	84	81	79	79	76	78	76	73	81	79	77	75	76	80	72	74	71	76	81	94	81	76	76	73	77	77	86	106	87	77	76	72	76	81	90	97	85	74	77	74	76	85	95	91	89	77	73	72	75	87	92	91	93	73	72	71	76	94	82	88	87	75	66	64
438	83	80	80	79	80	79	75	75	77	74	77	77	74	77	74	71	77	79	81	93	79	78	73	70	76	76	92	107	89	76	73	69	72	80	91	99	84	75	74	72	75	90	91	95	85	74	75	73	75	88	90	91	92	75	72	69	78	92	81	84	84	69	69	58
438	79	78	75	76	76	78	72	74	79	79	77	81	76	81	74	71	78	80	80	91	74	79	72	73	77	78	86	105	86	74	74	72	74	79	90	101	85	74	72	68	74	86	95	93	86	76	72	74	75	93	91	93	92	78	71	69	76	92	84	87	91	71	68	69
438	82	80	78	75	77	77	73	74	80	74	77	78	76	77	73	74	77	77	81	90	76	74	77	71	76	75	86	99	86	75	72	72	77	75	95	96	89	76	77	71	77	88	98	94	88	78	74	75	76	93	88	90	90	75	73	70	75	95	84	87	86	74	71	67
438	83	81	79	80	76	75	71	74	82	77	78	78	76	79	76	71	73	78	81	85	76	77	74	71	77	74	90	96	89	75	74	72	79	78	91	96	89	74	75	71	73	88	97	95	86	78	75	72	76	89	92	90	91	74	71	68	75	93	82	87	87	70	67	66
438	87	80	78	79	74	77	72	74	82	80	78	80	77	80	74	73	73	78	80	85	78	78	74	73	72	75	84	93	93	77	74	73	74	79	90	97	92	77	74	72	74	83	98	94	91	74	75	69	73	90	91	93	91	75	70	71	75	95	83	89	89	75	70	72
438	81	80	78	77	75	76	73	75	80	75	75	76	75	78	74	71	77	78	77	87	79	79	73	73	80	74	85	93	97	75	72	71	79	80	89	100	92	77	75	73	73	84	96	93	88	74	74	72	77	90	90	94	90	77	70	72	71	94	83	84	86	73	71	67
438	85	76	79	77	73	74	76	75	83	80	75	78	77	79	74	72	76	75	75	86	82	74	73	71	78	75	81	91	101	78	77	72	73	79	82	95	96	79	74	72	73	80	95	96	95	80	74	73	75	86	93	92	92	81	73	69	72	92	86	84	88	78	72	67
438	82	82	78	80	75	81	73	75	80	78	79	80	79	80	78	74	74	77	77	84	81	78	73	74	73	77	77	89	100	77	72	73	74	78	83	94	100	79	76	72	74	75	93	93	93	83	74	71	77	86	93	91	93	82	72	71	74	93	86	87	89	81	69	64
438	85	77	79	78	78	77	74	72	80	79	79	78	77	81	76	72	77	78	77	86	83	78	75	74	81	77	79	92	101	83	76	75	76	79	85	95	100	79	75	76	77	77	92	95	94	80	75	75	74	84	92	94	91	81	71	70	68	89	90	83	89	80	71	64
439	81	77	78	76	77	80	74	73	79	75	78	77	80	80	73	73	75	75	79	86	84	78	73	75	73	75	79	92	105	77	73	70	75	78	83	95	100	80	76	73	70	76	93	96	96	83	75	72	74	85	95	92	95	82	74	68	68	93	83	84	87	81	70	69
438	81	78	77	78	75	75	73	72	81	75	77	79	76	81	71	74	78	75	78	86	86	81	80	73	78	76	78	94	105	80	78	71	76	78	81	95	100	80	76	73	76	77	93	94	95	78	74	72	76	85	92	92	96	78	75	69	72	97	87	88	89	83	72	67
439	80	81	76	82	74	80	75	76	81	78	77	80	79	79	78	72	74	75	80	88	83	80	77	70	73	75	79	90	105	78	75	73	75	77	84	96	98	81	79	75	73	77	92	95	96	82	74	73	76	84	89	95	93	84	73	69	71	92	86	87	90	80	74	66
438	81	78	80	79	76	77	72	75	80	74	76	80	76	78	76	74	73	80	76	85	84	78	75	73	74	74	79	92	103	81	71	70	74	80	81	93	101	78	78	71	77	75	93	92	97	82	77	72	76	85	93	96	93	83	76	72	75	95	86	87	88	78	72	66
438	84	78	77	79	74	75	73	72	77	77	73	83	79	82	75	73	74	76	76	84	88	79	75	71	74	73	80	91	108	80	77	71	78	78	83	95	102	85	75	77	72	78	93	97	94	83	74	71	72	84	88	94	91	84	72	69	73	94	87	85	91	79	72	66
439	86	78	76	74	80	78	77	70	83	77	79	80	79	80	76	73	76	79	76	82	88	78	74	74	75	76	78	91	105	81	72	73	73	78	85	94	101	79	75	75	72	77	94	94	94	82	75	71	73	88	93	94	95	84	75	74	67	93	83	88	87	82	72	67
439	86	79	77	76	79	79	74	73	83	77	76	78	79	81	77	73	74	76	77	86	90	78	78	76	74	74	79	95	106	83	73	74	75	77	83	94	101	83	78	73	74	75	92	93	97	83	74	75	74	79	90	92	90	81	71	72	67	90	84	86	86	83	69	66
439	85	79	80	77	77	76	72	73	82	79	79	77	78	82	76	72	74	77	75	89	89	80	76	76	75	76	79	92	109	82	75	69	74	78	84	92	101	86	76	73	73	77	93	95	95	86	73	72	72	82	90	92	91	85	75	73	69	91	85	86	90	81	73	67
439	86	79	79	77	78	78	75	74	79	81	77	78	77	81	75	69	73	75	81	87	92	79	76	74	76	75	79	92	109	85	76	73	77	78	80	90	105	80	77	70	71	73	92	93	96	84	78	75	73	78	90	95	92	87	74	72	70	92	87	88	89	82	72	66
439	87	79	79	79	77	77	77	73	83	80	80	85	80	82	76	75	75	74	79	83	88	80	75	72	74	75	76	92	110	86	74	71	76	78	81	93	100	83	74	72	74	75	95	92	97	84	74	71	72	80	91	92	93	86	67	72	68	89	89	84	90	82	74	67
439	84	79	77	80	79	79	76	73	80	75	77	80	78	78	74	77	75	76	78	83	91	79	74	76	75	73	78	91	107	84	76	73	75	78	80	93	101	82	77	72	74	75	91	95	96	88	75	73	70	79	92	95	91	86	74	66	70	91	86	88	89	82	72	68
439	86	81	83	74	78	77	78	72	87	79	79	78	79	78	78	74	73	74	78	85	93	81	76	78	76	75	80	91	105	87	74	75	78	77	80	93	101	85	77	74	73	80	94	96	95	87	73	72	76	82	91	94	94	89	73	70	64	93	87	89	87	86	74	66
440	86	81	77	77	72	78	73	69	80	77	75	80	76	79	78	73	72	74	76	77	82	85	78	75	75	75	75	77	102	103	76	73	73	73	73	82	94	90	75	74	74	78	77	95	93	91	81	76	71	74	90	92	90	90	77	72	69	72	88	93	87	82	75	66
440	86	81	77	79	75	77	72	74	82	80	79	78	77	83	78	77	72	76	75	78	84	84	77	75	75	77	76	81	105	100	78	74	75	76	79	83	97	94	78	72	72	77	84	95	91	92	79	77	70	75	93	93	92	89	77	70	66	71	92	89	88	84	74	68
440	82	77	79	76	77	77	75	72	82	79	78	77	77	79	81	75	73	74	74	80	84	83	72	73	76	75	76	80	104	97	77	71	71	77	80	85	94	91	78	74	74	74	83	97	92	89	76	75	70	73	90	95	92	92	78	70	65	75	94	89	90	84	74	66
441	84	77	79	76	75	73	75	70	80	75	77	78	76	79	74	73	74	74	77	79	86	81	74	73	74	71	78	86	108	89	79	73	74	78	76	87	101	88	77	72	72	74	82	94	87	90	77	74	70	74	92	88	94	87	77	69	63	75	94	84	86	85	72	67
440	84	77	79	78	77	73	76	74	77	76	75	77	75	79	75	72	76	77	77	80	83	80	77	74	74	74	75	85	107	86	75	74	72	75	75	87	102	87	77	74	72	72	83	94	91	88	76	72	70	76	90	95	89	86	72	72	70	82	93	87	92	88	74	66
440	84	77	81	79	78	76	74	75	81	75	78	78	78	76	77	72	72	77	76	76	84	79	73	73	75	72	78	83	108	86	78	72	71	77	75	84	100	90	75	71	71	76	84	91	88	86	75	71	73	72	93	88	91	89	75	69	67	77	90	86	90	81	73	68
441	85	78	81	79	76	77	77	79	81	75	77	77	76	78	75	74	77	77	76	80	79	81	77	74	73	75	73	79	103	97	77	74	74	78	77	82	101	96	79	74	72	75	75	92	91	89	77	72	74	77	89	96	91	92	80	73	70	78	94	86	89	88	75	68
441	86	75	79	77	78	75	72	77	77	74	71	76	76	78	75	74	76	77	74	77	72	76	76	72	76	75	78	78	90	79	76	74	73	74	78	82	105	91	75	71	68	76	77	86	96	92	76	70	73	73	85	95	87	84	79	69	62	79	88	87	89	85	73	69
440	82	78	74	75	73	77	72	75	77	74	76	80	75	80	77	72	72	76	76	77	76	79	76	75	73	71	76	79	94	80	76	73	76	76	77	82	108	92	75	72	69	75	77	87	95	86	74	72	71	71	88	93	88	86	74	70	63	80	86	89	87	85	72	66
441	85	77	78	75	79	72	72	74	80	78	76	77	74	75	74	74	76	74	77	78	78	80	76	71	75	70	74	78	93	79	74	74	76	78	79	83	104	91	77	75	74	70	79	86	98	84	78	70	71	73	86	96	91	89	78	73	70	80	92	89	92	85	76	68
441	83	76	80	75	79	75	75	74	81	77	77	80	74	78	78	72	73	78	78	80	76	78	77	76	74	77	74	79	82	80	77	72	75	77	78	80	104	95	80	75	71	72	76	82	100	91	75	74	74	73	84	92	89	85	75	71	64	74	87	88	91	87	77	65
441	83	79	79	79	76	81	74	75	79	76	76	76	77	78	77	72	74	77	75	77	78	77	77	76	81	70	77	76	84	79	76	71	73	72	77	76	104	93	77	69	71	75	75	83	102	91	76	73	70	70	80	94	89	85	72	74	69	75	89	89	91	89	72	70
441	83	81	81	77	77	79	73	77	81	78	77	80	77	81	79	78	75	79	76	79	83	81	78	75	73	75	77	80	103	89	75	72	76	76	77	85	101	92	77	75	72	76	80	94	89	89	77	74	76	77	93	94	94	93	77	72	67	79	94	87	88	85	72	66
441	89	78	81	78	81	76	76	74	82	79	79	79	78	79	78	76	74	77	79	79	92	84	78	75	75	74	75	81	107	94	77	72	74	74	80	89	95	89	79	73	70	79	84	97	94	92	77	75	71	74	94	94	93	91	73	73	67	80	95	84	86	85	74	67
441	87	82	80	79	77	78	77	77	79	78	74	79	77	81	76	74	75	78	78	76	90	87	75	74	71	72	79	80	107	89	78	74	74	77	77	88	95	86	78	73	74	78	84	94	94	91	81	77	69	76	92	93	93	89	76	70	67	72	96	90	84	86	74	64
441	85	73	84	76	80	76	76	74	77	77	75	78	76	78	70	78	76	77	78	83	88	77	76	73	74	78	75	83	105	86	74	71	75	78	78	87	96	85	79	70	74	76	79	96	90	88	77	75	71	73	89	93	93	88	73	72	65	72	93	89	87	85	68	68
441	80	75	81	76	75	73	69	73	82	79	76	77	72	78	73	73	75	75	77	84	80	77	75	76	72	72	78	101	94	76	74	72	72	78	81	99	97	77	77	70	73	74	86	94	89	82	77	72	72	73	88	92	91	86	73	70	64	73	90	86	84	86	72	64
441	82	75	78	76	75	76	71	75	79	76	78	76	76	78	76	73	75	77	77	82	73	76	74	70	76	76	82	105	88	75	72	71	75	72	84	99	92	73	77	71	69	78	85	92	90	86	73	71	75	74	95	89	91	90	75	68	65	76	92	82	87	82	70	67
441	83	76	79	77	75	78	74	75	82	78	75	77	76	78	73	72	73	76	81	87	78	74	73	69	73	76	91	104	84	74	74	71	74	78	90	97	86	78	75	75	71	76	90	91	90	85	73	74	69	78	89	94	91	86	71	67	67	80	92	86	89	82	71	66
441	85	79	79	79	76	78	74	76	80	77	75	78	74	76	73	73	76	79	81	98	81	79	77	74	75	77	85	106	93	75	74	74	74	78	89	96	88	77	76	71	77	87	93	89	92	79	76	71	77	90	91	93	91	80	74	67	71	88	94	86	87	75	70	63
441	86	79	81	76	76	76	74	77	80	77	77	77	79	80	76	69	73	80	78	92	87	76	76	75	77	75	84	106	102	76	75	74	77	83	89	96	94	75	77	72	74	88	94	87	89	81	75	72	80	94	92	97	91	78	71	70	66	87	93	87	83	74	70	64
441	86	80	79	79	79	77	73	72	77	80	79	79	78	78	76	70	76	77	78	82	87	79	75	73	77	76	79	100	109	82	77	72	72	79	86	96	100	80	75	74	74	83	95	91	91	79	73	76	76	86	91	93	91	79	70	69	71	88	94	90	89	72	72	67
441	84	80	79	77	77	76	74	71	78	78	79	79	76	75	73	73	76	76	73	79	77	78	72	75	75	74	77	80	107	91	76	72	74	76	79	86	102	92	78	73	74	76	89	97	89	87	73	74	77	81	91	94	92	88	73	71	68	81	96	88	87	78	68	64
441	82	79	83	79	78	76	76	71	84	78	75	81	76	80	75	78	72	74	73	76	77	80	77	74	76	74	76	78	99	103	77	75	75	76	80	85	99	96	79	73	75	75	85	95	91	89	74	75	77	77	93	94	92	89	74	71	68	84	94	87	89	83	72	64
441	86	76	80	78	77	78	77	73	78	77	76	76	76	75	75	72	71	74	76	82	79	90	77	75	73	74	75	76	96	101	78	72	75	77	78	84	94	96	79	76	69	76	84	95	92	90	77	73	73	78	93	94	91	93	76	72	68	79	94	84	90	86	72	70
441	88	80	78	78	75	79	74	70	82	77	75	80	78	81	79	75	72	77	74	78	87	91	79	74	70	72	77	81	101	98	76	71	77	75	78	84	95	92	78	76	72	78	83	92	93	90	78	74	70	73	88	94	92	88	77	70	68	79	94	84	86	88	78	70
441	84	80	79	78	73	79	76	77	83	79	76	79	78	79	75	75	76	78	75	80	93	84	75	75	74	72	77	84	107	95	78	75	75	76	79	84	99	86	78	73	73	77	84	96	93	93	80	75	69	74	89	92	92	89	76	73	59	73	91	85	87	82	75	65
441	84	77	75	77	74	76	72	72	82	76	79	79	78	81	77	73	73	75	76	80	89	78	75	73	73	73	76	88	106	85	75	72	74	75	78	91	100	86	77	74	71	72	84	93	88	93	80	74	70	73	87	93	91	92	76	70	65	81	92	91	87	86	78	69
441	85	78	80	76	77	77	75	76	81	79	78	80	76	79	76	72	70	76	73	84	82	78	73	72	76	75	76	99	103	77	76	74	74	76	77	91	97	78	72	69	70	74	83	89	93	91	75	75	71	73	90	91	92	90	74	68	68	80	90	87	91	85	77	66
441	85	80	77	82	78	79	72	72	78	73	76	76	76	79	76	72	72	74	75	85	74	74	74	73	75	77	85	105	86	75	75	70	75	79	83	102	93	79	74	75	69	78	86	90	96	89	73	74	69	82	92	93	91	88	72	71	65	79	91	88	88	84	76	68
441	85	77	78	80	75	78	76	72	78	77	78	76	77	76	72	69	73	79	80	82	74	77	73	74	74	76	99	100	80	74	71	71	75	76	95	99	85	75	74	71	75	81	90	94	91	82	76	76	71	87	91	94	90	86	70	67	68	87	88	89	89	83	74	67
441	79	76	78	75	73	74	73	72	81	77	80	75	75	78	73	73	77	78	87	78	74	77	74	74	75	81	103	94	75	76	73	73	76	81	97	96	81	77	72	76	74	96	89	99	88	77	72	73	82	93	90	92	90	72	74	70	70	88	88	90	84	74	71	62
441	82	79	83	75	74	75	73	72	78	78	76	79	77	79	74	74	76	76	80	91	73	75	74	72	74	77	95	100	81	73	71	70	79	83	91	93	85	73	75	73	75	89	93	93	86	77	73	72	80	93	90	93	89	76	72	68	71	93	88	92	83	73	68	64
441	82	79	81	78	76	76	74	75	78	78	75	78	76	79	76	73	74	77	76	90	75	78	73	73	77	80	81	106	92	75	75	74	77	80	87	95	94	79	76	73	78	85	92	91	92	77	71	70	75	92	89	92	91	70	69	69	72	93	87	88	85	71	67	66
441	85	74	78	77	75	77	73	72	76	73	72	79	74	81	74	73	74	80	77	82	85	78	78	73	75	72	78	97	103	77	75	71	78	77	85	94	95	78	76	70	74	82	93	90	92	77	72	70	71	91	94	94	90	76	71	69	65	88	92	87	86	72	71	65
441	84	76	79	80	76	79	72	73	77	76	77	77	75	79	72	74	75	75	77	82	87	80	75	75	78	73	78	88	106	77	73	72	75	76	81	89	97	81	77	71	71	74	94	91	95	83	76	74	75	79	91	92	94	85	74	69	71	82	92	88	88	80	66	64
441	84	78	79	78	78	75	71	77	81	78	73	78	77	77	77	73	76	80	77	81	90	79	75	73	74	72	77	85	107	83	77	71	74	75	81	85	95	86	78	72	70	78	93	94	93	92	73	74	71	76	96	94	90	90	77	74	65	80	93	85	89	83	72	66
442	86	76	77	78	76	74	75	71	77	77	78	79	77	81	74	75	72	78	75	80	93	82	74	75	74	73	77	84	106	87	76	71	73	75	78	88	94	89	76	74	69	73	91	93	93	92	80	74	73	74	95	91	91	92	79	70	62	76	95	85	87	87	77	71
441	82	78	78	78	79	78	72	74	82	77	78	77	79	78	77	74	73	73	75	81	89	79	77	71	74	72	78	88	107	82	73	70	72	75	76	88	97	86	74	73	70	72	83	90	94	95	78	70	70	72	94	93	91	89	79	70	65	74	93	82	86	86	78	63
441	80	81	77	79	75	80	71	73	82	77	77	79	76	77	75	70	77	74	76	83	84	76	77	71	74	73	79	95	107	81	79	71	73	75	81	90	100	88	77	74	69	72	86	90	96	92	81	69	69	74	93	94	92	90	80	74	71	76	95	83	87	86	81	67
442	88	75	80	76	78	76	72	72	83	77	77	81	80	79	77	74	75	76	79	82	82	80	75	74	74	71	77	97	105	75	71	68	73	77	77	94	97	85	76	74	71	71	82	92	95	92	77	72	76	72	90	94	92	87	79	71	65	77	95	90	83	85	81	69
442	82	77	80	76	76	76	69	71	78	78	76	78	75	82	75	75	75	79	77	83	85	77	77	73	75	74	78	96	105	77	77	71	74	74	78	92	99	83	75	71	74	75	83	89	93	92	80	71	73	76	93	89	93	92	80	71	64	75	92	86	87	89	79	69
441	87	82	80	81	79	81	75	77	83	76	77	75	76	75	78	72	72	77	76	84	84	78	75	75	76	72	77	97	104	79	77	71	74	74	77	92	98	82	76	71	70	73	88	91	94	89	75	69	73	74	95	93	92	90	75	70	66	80	91	82	84	83	75	63
442	85	81	78	80	79	80	74	71	80	74	78	75	76	77	73	69	75	76	77	84	83	78	76	71	78	72	76	96	103	77	75	71	74	77	79	88	95	80	74	72	72	73	88	96	97	91	75	71	73	80	91	92	89	87	73	68	68	81	93	89	86	83	72	66
442	85	79	79	80	78	77	76	74	78	78	78	79	76	78	74	73	75	74	76	81	89	79	75	73	76	73	77	94	104	78	75	69	74	78	81	90	93	81	74	73	70	78	91	93	94	86	76	71	74	83	91	94	90	87	70	68	68	83	92	86	89	79	74	65
441	83	77	78	77	73	78	70	74	78	77	77	80	77	78	75	71	71	75	76	83	90	77	74	71	75	72	78	94	102	80	72	73	76	79	84	90	91	80	75	68	74	79	94	94	95	83	73	74	71	84	93	91	91	83	73	67	70	81	97	86	87	77	73	63
442	84	78	82	77	74	74	74	77	82	77	76	81	78	78	75	72	73	73	76	81	90	79	74	74	74	73	77	92	104	81	73	73	74	78	87	89	93	78	76	73	74	78	93	91	94	84	76	68	71	82	95	93	93	83	69	68	65	84	95	87	84	77	70	63
441	82	77	78	78	74	77	73	76	77	75	75	79	75	80	73	71	73	74	77	77	93	80	75	72	73	71	76	88	105	83	73	72	70	80	83	93	97	84	73	76	71	78	92	95	91	87	75	73	71	82	95	94	90	86	69	68	68	82	92	85	87	78	67	66
442	86	75	78	77	75	79	77	73	78	75	77	80	79	80	77	68	76	76	75	85	95	79	75	72	72	74	77	90	105	82	75	73	75	77	83	93	98	83	78	72	74	77	95	91	95	91	78	74	71	78	92	93	89	87	71	68	67	79	96	85	89	85	72	67
441	82	80	81	82	76	77	74	73	82	75	79	77	80	79	72	73	74	79	76	90	90	78	75	76	75	76	80	99	102	80	74	69	79	76	84	93	99	83	75	72	74	75	90	90	95	91	80	70	73	75	93	93	93	87	75	67	70	76	95	88	88	86	75	67
442	84	77	75	81	74	76	74	75	79	75	80	77	75	77	75	72	75	74	74	81	88	79	73	75	74	71	78	88	109	81	75	72	72	76	79	85	99	88	79	74	70	76	81	92	90	95	83	74	73	73	92	93	93	92	84	71	63	73	95	88	88	85	80	69
442	83	79	77	82	77	78	73	75	79	74	75	80	77	79	77	72	76	75	75	79	84	80	79	74	74	74	74	83	108	92	75	73	74	78	79	83	98	92	77	71	72	72	77	94	89	96	87	75	73	72	86	93	91	91	88	72	69	71	92	92	87	85	85	68
442	81	76	76	81	74	77	74	75	81	78	79	80	78	81	78	73	74	76	76	82	82	84	80	76	74	71	75	78	104	96	81	72	78	75	77	79	103	98	84	75	70	72	78	90	90	99	88	70	73	71	80	93	90	91	87	74	65	71	90	91	87	86	83	69
442	85	79	82	77	76	77	75	76	79	75	76	81	78	80	79	74	75	78	76	79	80	81	78	75	77	75	76	78	98	92	77	70	75	73	79	81	107	99	82	73	67	74	77	88	92	99	86	75	66	72	80	93	89	94	87	73	64	72	89	91	87	86	83	72
442	83	81	78	78	72	77	74	76	82	76	77	78	77	78	74	72	77	78	78	81	82	80	78	76	75	73	75	77	103	84	75	74	75	76	75	89	107	92	79	71	72	72	75	85	94	99	84	75	70	69	82	93	90	93	87	73	67	70	93	89	89	87	82	66
442	85	83	80	79	77	79	75	79	81	74	77	81	80	79	77	72	74	79	78	80	77	77	77	72	75	72	78	94	96	76	76	71	75	77	80	104	104	83	75	75	73	74	78	89	98	87	79	71	70	73	90	91	95	92	80	70	65	77	92	92	91	86	80	67
442	85	81	80	79	77	77	76	73	79	75	77	79	75	79	74	74	75	77	79	81	76	75	76	73	72	75	79	100	89	78	74	70	74	79	81	105	97	79	75	73	74	78	84	93	100	88	74	73	74	81	92	95	93	92	77	70	72	79	92	89	89	83	76	65
442	86	78	80	79	76	79	75	73	80	78	78	82	77	80	78	73	79	74	79	84	79	73	79	74	76	75	84	104	88	76	76	72	76	81	86	106	92	80	75	74	74	80	87	93	96	84	77	71	73	80	90	95	92	90	73	71	68	83	95	89	91	79	74	64
441	82	74	80	74	76	77	74	72	84	79	80	80	78	81	76	74	71	82	75	88	73	77	74	73	78	77	91	104	87	76	75	72	76	80	94	102	86	74	77	72	74	86	90	99	93	82	74	69	79	91	95	99	95	91	72	71	65	89	90	90	88	81	72	64
442	85	79	79	80	79	78	74	73	80	74	80	80	76	79	75	72	75	81	84	92	77	77	74	76	75	77	98	102	84	75	73	71	78	81	94	99	90	79	75	71	76	91	96	98	94	83	75	74	80	91	95	94	90	82	72	67	74	96	91	91	89	80	75	68
442	84	81	80	81	76	77	71	73	83	76	78	81	80	79	78	71	75	81	85	99	76	75	76	73	78	78	99	108	84	74	77	72	78	82	90	98	84	78	77	73	77	89	93	97	95	85	75	73	83	92	92	95	95	85	73	72	68	87	94	90	90	80	72	64
442	83	77	80	80	78	80	74	74	80	79	78	80	77	80	77	73	76	75	83	97	82	78	77	75	82	78	90	109	91	81	78	75	77	80	91	98	93	80	77	69	74	86	95	95	97	89	77	70	79	85	94	94	93	87	78	72	70	87	96	92	87	84	72	66
442	87	83	80	82	80	80	77	71	82	80	83	83	79	80	78	75	78	80	81	99	87	78	80	74	79	76	83	110	95	80	75	71	73	81	84	98	99	80	78	71	78	79	98	91	100	94	80	72	77	82	98	95	95	89	78	75	73	81	92	89	90	84	73	65
442	89	79	81	81	79	78	75	76	83	78	76	80	81	79	78	74	77	81	81	95	86	82	77	76	77	75	83	108	101	80	75	76	78	80	85	97	101	84	80	76	74	77	94	91	100	96	81	72	71	77	95	94	94	91	74	73	66	81	99	88	90	84	77	68
442	89	76	85	80	79	77	76	74	84	80	80	79	81	83	77	74	77	82	83	94	91	83	76	76	74	75	79	106	103	81	75	71	79	80	85	100	100	85	77	74	75	78	90	91	100	94	81	75	69	77	94	94	93	92	80	69	67	77	95	89	87	84	82	65
442	85	80	82	80	79	80	77	75	86	81	78	81	80	80	76	74	75	80	76	91	90	82	76	75	77	79	80	106	106	85	77	77	78	78	83	93	104	85	79	72	72	81	87	96	97	95	79	74	73	75	95	94	90	90	80	71	74	75	93	87	88	88	81	69
442	86	79	78	81	79	81	76	78	81	78	79	79	78	83	76	73	76	76	81	88	91	80	76	73	78	77	79	98	107	83	77	75	78	79	83	95	103	90	78	73	71	73	91	93	96	92	83	73	74	71	96	95	93	91	83	76	64	74	92	86	87	83	81	66
443	84	80	80	77	75	77	78	75	82	77	79	81	77	80	79	73	74	79	80	81	95	80	78	75	75	77	77	91	108	88	76	74	75	81	79	90	96	86	76	76	73	76	93	96	92	94	81	77	76	80	97	94	94	94	80	71	67	75	95	88	89	87	76	65
442	88	79	82	77	79	80	74	78	81	76	78	81	77	83	73	75	76	79	77	82	96	83	78	75	75	77	79	89	107	90	77	72	77	75	81	90	98	86	82	72	69	77	91	96	95	92	77	72	73	75	95	95	93	88	76	72	65	74	96	89	86	86	74	66
443	85	80	81	78	79	80	71	74	78	74	80	78	78	77	79	73	76	79	79	82	95	79	79	73	80	76	81	95	108	82	78	71	77	78	82	93	94	79	80	74	72	79	94	98	95	90	78	76	74	82	96	94	94	89	73	71	71	74	94	87	86	82	72	68
442	82	79	79	78	77	79	73	73	79	78	79	80	79	79	76	72	72	76	77	87	91	77	74	73	76	75	79	101	104	81	76	71	78	77	81	97	93	80	75	73	75	81	95	96	94	89	77	72	77	82	92	92	92	88	74	68	68	81	95	87	89	80	70	60
442	86	77	79	79	79	80	77	75	80	80	79	81	77	79	74	73	76	75	80	90	89	80	72	72	78	73	80	103	99	79	77	72	74	78	90	97	91	80	77	70	73	84	96	95	94	84	75	70	78	86	95	92	92	82	71	68	65	81	94	88	86	80	69	63
442	86	80	79	79	77	78	71	75	80	81	76	83	78	83	77	78	75	78	79	91	92	78	73	73	77	79	81	104	104	78	75	71	75	79	87	95	94	79	75	70	71	83	93	93	93	84	75	71	74	86	95	93	90	83	71	65	71	86	94	90	86	81	71	67
442	85	79	82	78	79	75	76	73	80	76	79	77	79	77	76	71	74	78	77	89	90	79	72	71	76	74	82	102	104	78	75	72	74	79	89	96	94	80	74	72	70	82	95	94	92	83	74	71	74	83	95	94	91	85	71	70	66	81	93	85	88	74	69	65
443	85	82	77	78	77	81	74	77	82	78	79	82	83	79	77	73	75	78	78	89	98	82	80	72	74	75	77	99	105	81	76	71	81	79	91	92	94	80	77	73	74	82	92	93	92	87	74	71	72	84	97	92	93	85	74	66	67	79	96	89	90	79	70	68
443	85	82	81	82	78	81	75	78	79	79	79	82	76	80	75	73	75	77	78	95	95	77	77	71	74	75	82	101	102	80	75	72	76	78	85	94	97	80	75	72	77	82	94	93	97	89	76	73	73	80	95	90	92	88	77	69	70	79	95	85	89	83	76	66
442	84	81	81	77	79	77	77	71	80	78	77	79	78	81	78	75	77	79	80	95	90	79	79	75	78	77	79	104	101	78	74	72	73	76	86	95	96	85	76	75	72	77	95	92	97	95	79	75	74	81	95	91	92	90	78	68	69	78	92	87	86	82	73	65
443	80	78	78	81	72	80	74	72	81	78	74	81	77	82	75	72	76	76	78	93	88	79	77	72	78	73	81	101	103	78	75	72	78	79	81	92	99	83	77	73	72	76	91	89	99	93	85	76	67	76	95	94	90	93	81	69	64	70	93	86	86	81	83	61
442	88	79	81	81	76	76	73	74	80	77	78	81	77	78	77	70	74	79	76	88	89	80	75	76	76	75	79	98	103	82	74	73	76	79	77	91	99	87	79	75	72	75	86	90	95	92	84	73	71	69	91	93	91	89	83	71	64	74	97	88	86	84	80	64
442	87	79	78	76	79	79	76	73	80	78	76	79	80	81	75	76	77	78	78	84	92	80	79	73	75	74	75	90	106	86	77	73	74	78	77	87	101	88	80	75	72	76	85	90	92	93	91	76	75	75	91	93	92	93	86	74	66	70	96	90	90	86	80	73
442	88	78	78	78	76	75	70	74	79	77	76	80	79	79	74	73	76	78	75	83	90	82	72	73	76	73	79	84	108	87	75	74	74	75	77	84	98	89	76	73	72	75	83	91	90	95	91	74	70	73	85	90	93	91	84	72	69	73	89	90	87	89	80	70
443	83	77	81	80	77	75	78	72	82	78	78	79	78	78	76	72	76	78	76	80	91	85	77	75	76	75	72	83	106	90	74	72	74	78	79	83	103	95	83	77	67	74	81	90	90	98	92	75	77	73	88	95	91	91	91	76	59	71	91	90	88	84	80	69
443	85	78	80	78	76	76	74	74	80	73	78	76	76	79	75	72	74	77	75	79	88	86	76	72	75	74	80	82	108	93	80	72	70	76	74	81	102	92	82	73	74	75	77	91	90	97	90	76	73	75	86	97	90	91	87	76	65	71	89	89	84	84	81	69
443	80	78	80	78	77	75	76	73	81	75	76	79	77	78	74	72	78	77	78	80	89	84	75	76	74	75	75	81	104	94	77	75	76	77	78	82	99	93	82	75	71	74	79	94	90	98	89	76	72	72	85	94	92	92	89	76	63	74	91	91	86	86	79	72
443	82	77	80	76	78	78	76	74	79	74	75	79	80	80	75	73	72	77	75	77	87	84	78	73	75	77	74	81	106	93	73	73	74	76	78	82	100	95	82	72	73	77	78	91	88	98	91	77	73	72	85	95	91	93	90	76	68	73	93	90	83	85	84	69
443	85	79	78	77	77	77	76	73	85	78	80	79	79	83	76	73	74	78	77	81	90	86	80	79	76	77	76	84	110	92	78	73	74	77	77	87	102	94	78	79	72	74	80	95	90	98	92	76	73	73	90	96	91	90	90	73	67	71	93	91	86	85	86	68
443	83	79	79	80	80	78	74	75	78	76	76	80	79	84	75	76	76	77	80	80	97	83	77	74	76	76	78	85	108	93	78	73	73	76	81	87	99	86	79	74	73	77	91	94	93	94	84	73	75	75	95	91	93	90	80	70	63	75	96	87	89	82	80	64
443	85	79	83	76	81	81	72	73	83	80	80	82	80	81	77	72	76	74	78	83	99	84	77	77	75	74	79	91	111	90	77	72	74	79	82	92	97	86	79	77	76	77	91	94	93	92	79	72	74	77	96	94	94	88	78	74	69	72	92	84	88	82	73	68
443	81	79	82	75	74	75	75	75	81	75	79	78	78	80	80	74	76	78	79	81	98	81	78	72	73	72	78	91	108	86	76	70	74	77	83	89	95	82	78	74	72	76	92	94	93	89	77	74	72	78	97	89	94	86	77	68	64	74	93	85	86	81	72	62
443	85	85	79	79	79	82	73	76	81	78	74	81	75	81	75	72	79	76	77	81	93	77	76	72	76	75	76	92	107	81	77	68	77	82	81	94	96	82	77	72	68	79	92	94	89	89	76	70	76	77	95	91	93	88	74	71	66	79	94	86	84	87	70	69
443	82	78	76	80	77	79	76	75	78	77	75	79	79	77	74	69	78	75	78	82	91	78	77	69	79	74	78	95	107	82	73	69	75	78	80	92	96	82	77	71	72	80	89	95	90	91	75	72	69	76	94	90	91	89	71	69	67	74	91	83	86	82	67	65
443	82	79	79	76	76	77	71	72	80	73	78	74	78	75	77	72	74	75	76	83	92	79	77	71	73	72	78	93	107	80	73	70	74	77	79	90	94	82	78	72	73	74	91	95	89	86	75	71	75	76	94	92	91	85	77	71	64	71	95	80	90	84	71	65
442	81	79	76	80	77	77	73	75	81	80	76	79	77	75	77	70	71	75	76	80	87	77	75	73	73	74	75	87	108	86	73	70	71	77	80	85	98	83	76	71	71	75	86	92	90	88	74	71	74	73	93	90	92	87	75	69	66	73	92	86	84	85	72	66
443	81	79	76	79	76	79	73	72	79	74	75	77	78	76	74	74	73	78	76	80	90	83	74	73	72	70	76	85	107	86	74	72	72	74	81	84	97	86	77	72	73	74	84	90	92	86	78	70	69	76	91	95	92	91	73	71	63	69	92	84	83	86	74	69
443	82	79	76	80	74	76	72	75	77	77	75	79	77	80	73	72	74	72	77	77	90	83	77	71	75	74	75	82	106	91	78	72	76	79	79	87	97	86	78	76	69	73	84	91	90	87	78	71	72	73	94	89	88	88	73	66	66	73	97	87	87	82	76	64
443	83	78	78	78	74	75	73	74	83	77	77	79	78	77	76	73	71	77	73	78	89	78	72	72	73	74	75	79	107	90	74	71	72	78	75	84	98	85	79	73	74	74	82	96	89	90	77	74	73	71	89	89	91	89	74	70	63	75	91	87	84	84	72	64
443	83	79	78	78	76	77	74	76	76	77	77	79	74	77	74	72	72	75	76	81	89	81	77	76	72	73	75	84	109	88	72	71	71	74	77	85	99	86	76	69	67	76	83	93	92	92	75	75	71	73	89	90	89	90	73	70	65	73	94	87	85	79	73	69
443	85	81	77	78	76	76	72	71	80	78	76	76	78	78	75	74	71	75	76	79	90	82	74	72	73	73	75	84	110	84	76	72	72	77	75	88	98	88	75	77	71	79	86	94	86	91	77	74	70	73	95	89	89	86	74	68	61	75	95	87	82	83	75	69
443	85	78	79	77	74	77	70	75	79	74	75	77	76	80	72	73	74	77	77	80	91	78	77	75	73	72	76	86	105	84	74	73	77	74	79	85	96	85	78	71	73	80	84	92	89	92	78	73	73	72	92	90	90	85	73	70	67	68	92	83	81	84	72	58
443	82	81	76	80	74	77	72	77	80	76	76	77	76	76	74	71	77	76	78	80	90	80	79	73	75	75	76	85	111	87	76	73	73	78	80	88	99	87	75	72	71	74	84	93	90	90	76	70	70	72	95	90	91	89	74	71	64	71	94	87	82	87	74	68
443	84	78	81	77	76	77	73	74	79	75	77	79	78	81	74	74	76	74	78	80	90	79	75	73	73	72	76	85	111	85	73	72	74	76	76	85	98	86	77	75	70	73	86	92	88	89	76	69	73	72	90	95	91	89	74	70	65	73	96	88	84	82	73	67
443	82	81	81	79	75	77	73	73	79	79	78	77	79	78	74	73	69	76	75	77	88	80	74	74	77	72	77	80	110	83	79	68	74	82	75	89	97	90	76	75	73	77	84	92	90	93	76	70	70	72	91	90	91	91	75	71	69	72	93	85	82	84	74	63
443	84	79	80	79	77	78	76	72	81	74	76	77	78	78	76	70	74	74	79	79	90	79	75	75	71	74	76	84	105	88	73	72	71	79	75	87	97	85	73	71	71	75	83	94	89	87	77	72	69	74	87	91	87	88	73	72	65	68	90	85	87	85	71	64
443	83	78	78	76	76	74	76	73	80	72	77	77	76	78	74	71	68	76	73	80	90	79	74	74	74	69	77	86	110	86	75	71	75	77	77	87	98	86	76	73	74	72	83	91	90	91	77	73	71	74	90	94	87	88	74	69	70	70	92	88	85	83	76	68
444	83	80	80	79	77	73	73	71	80	79	78	78	77	78	77	73	78	76	77	81	92	82	76	77	72	73	76	85	108	87	75	72	73	76	75	85	100	85	78	72	73	76	83	91	89	90	78	72	72	72	90	92	93	90	74	67	62	76	96	90	86	85	75	69
443	82	75	78	72	77	76	72	71	78	77	75	81	78	79	74	74	72	74	77	78	92	78	77	75	76	71	74	88	108	85	73	75	73	73	76	87	98	86	80	73	71	74	84	94	91	90	79	71	70	71	92	90	92	89	79	73	68	76	93	90	83	86	74	69
443	83	77	78	77	74	75	73	74	83	78	77	78	79	79	79	78	74	75	76	81	90	80	76	72	72	70	77	85	108	86	75	73	75	80	76	87	98	86	78	76	70	77	87	93	92	91	77	73	73	77	92	89	92	89	78	71	71	69	94	86	85	84	79	64
443	84	78	78	77	76	74	74	73	82	73	77	79	79	80	73	72	74	76	76	81	92	79	76	73	75	71	77	84	109	86	77	70	76	74	77	87	100	86	77	75	72	74	86	96	92	91	82	76	72	75	92	90	94	87	77	69	66	72	91	87	84	84	77	65
443	85	77	80	78	78	76	73	76	78	75	74	79	78	80	75	71	72	77	76	81	92	81	78	74	76	74	76	85	109	87	76	75	73	77	77	85	102	88	77	75	71	78	85	92	88	92	79	69	70	74	91	92	92	89	76	72	68	74	98	84	88	83	78	66
443	83	78	77	77	74	78	73	75	79	75	76	81	75	76	76	74	73	78	72	82	93	78	75	74	74	73	78	85	109	83	71	72	75	75	77	83	96	86	79	72	70	76	87	95	91	92	80	73	71	78	94	92	91	90	74	72	61	76	94	88	83	82	74	62
443	87	79	78	79	75	74	76	73	78	76	76	76	76	78	75	70	75	76	77	80	92	78	77	71	71	72	78	85	106	87	74	72	72	74	77	87	96	88	77	71	73	74	88	93	93	90	81	71	73	71	92	90	91	85	75	72	68	74	98	84	85	83	76	66
443	85	80	74	78	74	76	74	75	82	76	77	79	78	78	80	71	72	74	74	78	90	81	75	72	77	71	74	87	108	89	75	70	72	77	77	87	101	88	77	73	74	76	86	92	92	91	80	72	71	75	92	92	93	89	79	72	69	76	97	86	87	83	77	63
443	84	77	80	77	76	79	76	72	82	78	76	78	78	76	76	75	72	76	76	78	92	80	79	73	74	73	76	84	106	86	75	71	76	78	77	86	100	84	79	71	69	73	84	93	92	91	79	70	71	77	92	92	92	91	77	73	66	76	96	86	86	86	77	64
443	86	80	81	80	76	78	73	74	83	74	79	76	75	78	77	72	75	76	76	79	90	80	76	72	75	75	77	81	111	84	72	72	76	76	80	86	100	86	79	70	74	76	83	90	89	91	78	73	72	75	88	93	92	90	76	71	69	75	95	89	86	85	73	66
443	85	78	78	79	78	79	76	76	81	78	79	79	78	79	76	73	77	77	77	81	92	81	77	78	77	71	79	81	106	87	75	70	78	78	81	86	100	86	80	74	73	79	86	93	91	91	80	75	73	73	92	90	92	89	76	72	67	69	93	86	86	85	75	68
443	83	79	79	80	75	76	74	74	83	75	77	81	78	80	78	74	77	77	77	81	93	81	77	73	78	75	78	84	111	86	76	73	74	78	80	85	101	86	76	70	71	76	87	94	91	89	79	72	73	76	91	90	94	92	77	71	63	77	92	88	87	85	77	64
443	85	78	81	77	76	75	75	75	85	77	80	79	79	78	78	72	74	76	78	80	91	80	76	75	77	75	77	85	110	86	76	73	76	75	79	88	100	87	77	77	69	75	88	93	90	90	79	75	74	77	94	89	93	90	77	73	66	74	94	87	85	84	76	66
443	83	78	78	80	76	77	76	76	82	75	77	80	76	80	75	72	75	74	79	78	88	81	78	69	76	77	76	90	110	89	76	73	76	75	81	86	99	87	80	74	72	77	86	92	89	93	79	73	73	74	95	94	93	88	80	72	64	76	96	88	83	85	74	65
443	85	76	78	76	79	78	74	76	81	76	79	78	80	80	79	75	78	81	78	83	93	83	78	79	74	75	77	87	108	87	77	74	78	77	78	85	98	86	80	74	73	73	88	95	93	93	81	72	76	73	94	90	93	92	77	70	66	75	96	89	88	88	78	66
443	83	83	77	80	79	81	76	75	81	79	80	79	78	81	77	76	74	78	77	80	92	81	76	76	75	77	75	86	111	87	74	75	77	80	77	88	98	86	75	75	72	75	86	95	92	91	80	76	76	75	93	92	94	91	77	73	66	73	93	90	85	88	76	68
443	85	75	81	80	81	76	76	73	80	78	79	80	79	81	80	74	77	77	78	80	87	81	77	76	76	75	76	82	108	89	76	74	75	78	77	88	99	88	78	75	72	77	85	95	90	94	77	74	73	72	93	91	94	92	81	71	65	76	95	90	86	83	76	67
443	88	82	80	83	75	83	77	78	77	76	79	80	78	80	75	72	73	74	76	79	90	80	75	74	74	76	78	83	108	90	77	74	76	77	82	89	100	87	80	75	74	75	87	93	92	93	82	75	72	71	93	92	93	88	79	70	68	75	95	88	87	85	81	70
443	82	81	81	79	78	79	75	76	79	78	77	82	79	80	78	72	75	76	80	83	89	80	80	75	78	76	80	86	110	87	77	73	75	76	79	86	99	88	78	74	74	76	86	92	91	92	77	73	70	76	92	93	91	91	78	70	67	74	95	87	86	83	78	64
443	83	79	83	81	76	76	78	71	80	75	79	79	78	78	75	67	76	80	78	80	90	80	76	75	77	77	79	85	110	90	77	72	76	76	80	85	98	88	78	74	72	76	84	94	92	92	80	77	73	74	93	92	94	86	80	67	66	78	93	88	86	81	80	66
444	83	77	77	76	77	79	73	73	81	76	79	80	78	80	75	74	74	77	78	80	91	82	79	70	76	76	78	86	106	86	75	72	78	79	81	89	99	86	80	76	70	79	89	97	93	90	82	75	70	74	95	92	95	92	80	72	67	74	95	83	88	84	83	66
444	82	80	83	79	77	76	77	76	83	82	77	79	79	82	77	75	75	78	78	81	87	80	75	76	80	76	79	87	109	86	75	72	72	81	80	90	95	85	76	73	71	75	84	95	93	90	77	74	71	78	92	92	96	91	78	72	67	73	93	86	89	88	78	64
444	83	78	79	78	74	78	74	76	80	79	75	78	81	81	73	77	76	74	77	78	88	80	76	75	78	77	76	89	108	87	77	74	77	75	76	89	98	82	77	75	70	75	86	95	93	92	78	74	72	81	93	92	91	90	79	73	66	72	94	88	85	83	79	70
444	87	77	82	74	78	76	73	76	79	76	80	77	77	75	78	73	75	77	77	80	86	77	78	71	76	76	78	86	108	86	74	71	73	78	78	92	95	87	77	74	68	77	83	93	89	90	77	71	73	73	91	90	89	88	75	71	65	79	93	88	87	86	80	63
443	82	79	78	80	75	79	77	74	82	79	76	80	77	78	74	71	74	75	77	77	90	78	76	74	77	74	79	88	105	87	74	73	77	76	79	94	95	82	76	72	71	75	85	94	93	89	79	72	76	78	90	91	91	91	78	72	66	74	93	87	86	83	77	70
444	81	82	77	84	76	76	74	74	82	74	78	81	79	81	77	75	74	76	76	81	89	79	77	75	75	73	79	88	106	83	75	71	74	75	82	91	100	82	77	75	72	74	87	94	96	92	76	73	72	75	95	92	92	89	79	72	68	73	91	87	85	85	77	67
444	80	78	83	78	73	75	78	74	84	75	77	79	78	80	76	75	72	77	77	80	87	79	77	73	78	75	76	87	105	84	74	73	75	73	77	91	96	82	76	72	73	77	84	95	94	89	81	74	75	77	93	91	96	88	76	70	70	72	94	84	87	84	81	65
443	84	79	82	79	79	77	76	71	79	77	78	79	77	79	76	74	76	76	77	82	88	79	75	76	76	76	78	95	103	80	74	72	72	78	78	93	96	82	78	71	72	76	84	92	92	90	77	72	74	75	91	92	90	87	81	67	64	74	93	87	85	83	78	68
444	80	75	78	74	75	78	73	73	80	73	76	76	78	77	72	73	76	79	77	86	82	76	75	73	72	75	78	104	99	78	72	72	73	77	81	99	96	80	77	73	73	74	84	93	90	91	75	72	69	76	89	90	93	90	77	70	67	73	91	87	86	81	79	68
444	84	78	82	76	78	77	75	74	79	73	78	77	79	77	75	70	77	74	77	82	90	77	80	72	75	75	74	94	109	82	74	72	73	75	78	91	95	83	77	76	71	74	84	95	90	90	78	76	71	73	93	93	91	90	77	74	66	74	92	81	86	85	74	64
443	78	77	78	78	75	79	74	75	83	78	79	79	80	82	80	75	76	75	78	83	91	81	75	75	73	74	76	84	107	93	77	72	77	74	76	90	97	86	80	73	75	77	86	96	90	88	78	73	72	74	94	88	90	91	75	68	64	74	94	85	84	83	79	65
444	85	77	79	79	77	78	74	79	81	77	78	77	77	81	80	73	76	72	77	78	87	84	78	73	76	71	76	82	104	99	77	74	77	76	78	86	101	92	83	72	73	74	85	95	92	85	78	73	74	73	90	90	91	91	77	72	70	73	92	85	84	85	78	68
444	84	79	79	78	78	78	78	72	82	77	78	79	79	80	78	75	75	76	77	79	87	87	81	71	77	74	76	83	106	99	79	74	72	76	78	86	101	93	80	74	75	76	85	94	92	88	80	71	70	75	93	92	92	90	79	72	65	74	94	90	84	83	76	66
444	85	76	80	77	76	76	72	77	80	76	76	79	79	77	76	73	74	77	74	77	86	85	74	71	75	73	77	82	105	98	77	71	77	76	79	86	99	89	79	73	71	73	78	91	92	89	78	74	69	74	89	89	90	90	76	70	66	73	92	88	86	83	79	67
444	84	75	77	77	77	77	76	70	81	79	75	77	77	75	78	74	73	76	76	79	87	82	77	73	74	70	76	80	103	98	76	74	73	73	75	87	97	90	77	75	73	75	82	92	91	88	75	75	73	71	90	93	90	89	76	71	69	70	97	88	86	81	79	66
444	88	79	80	81	80	75	77	70	79	76	77	81	76	81	75	72	75	77	77	78	87	82	77	76	77	74	78	80	107	99	77	74	75	76	79	84	100	89	78	75	74	74	81	92	90	89	80	74	72	70	89	93	90	91	79	72	68	70	93	90	85	85	77	68
444	82	82	81	80	76	81	77	77	80	76	75	77	75	78	76	73	74	76	76	80	87	83	77	74	74	74	76	83	107	98	77	72	76	77	77	85	98	89	78	73	74	77	85	95	95	88	78	73	75	73	90	90	91	89	80	70	71	72	93	88	82	84	77	66
444	80	80	79	79	77	77	78	75	84	76	75	80	78	79	77	72	72	75	76	80	88	83	77	73	74	75	79	80	106	98	77	70	75	77	76	88	99	93	81	80	73	74	81	94	92	88	78	75	73	73	88	93	92	90	78	70	65	72	95	87	81	82	73	66
444	86	76	78	79	78	78	76	75	82	77	75	78	78	81	77	72	75	77	77	80	89	84	79	70	74	73	78	80	106	98	78	70	76	76	81	84	99	93	79	73	74	78	82	96	93	89	78	72	73	75	88	90	90	89	77	68	63	70	90	91	86	84	75	65
444	83	78	79	78	77	75	73	73	81	77	78	81	78	80	79	72	74	78	77	78	89	83	76	75	74	78	77	83	108	99	74	73	78	76	79	85	98	90	80	75	74	75	81	95	88	90	81	73	71	70	86	93	91	90	77	70	64	74	94	87	82	84	78	69
444	85	82	80	81	76	79	76	72	80	74	75	81	75	81	76	73	73	79	79	82	87	83	79	76	77	74	78	83	107	99	78	74	75	75	79	86	100	90	76	72	73	79	86	96	91	90	77	77	71	73	90	93	89	87	79	68	62	71	90	89	86	83	76	70
444	82	76	78	78	75	79	78	76	78	78	81	75	79	81	77	72	71	77	76	79	87	82	74	72	74	74	77	82	108	96	76	70	77	77	83	88	97	92	78	74	71	75	87	95	94	92	79	71	71	76	85	91	93	90	78	72	62	73	92	86	84	83	75	66
444	83	81	77	80	75	77	76	75	80	75	78	79	78	80	76	76	78	78	76	80	88	84	76	74	75	73	78	83	107	94	75	73	76	79	79	88	99	92	76	76	73	74	81	92	94	89	79	72	72	73	88	92	91	88	78	71	66	70	93	89	84	86	77	66
444	80	78	77	81	76	79	78	73	81	77	77	81	77	78	76	73	76	77	76	79	85	81	77	74	76	72	75	81	108	96	80	71	73	78	78	87	96	86	78	75	70	77	83	94	91	90	78	76	73	73	89	95	89	91	79	71	60	72	92	89	85	84	76	65
444	83	80	80	81	76	79	75	76	82	72	78	80	80	77	75	72	76	77	77	82	87	82	77	76	76	75	78	84	107	99	77	76	75	77	79	88	98	88	79	72	71	77	81	95	93	88	79	70	75	76	91	91	91	87	77	72	68	75	94	90	86	83	78	67
444	86	78	80	78	78	77	75	78	81	79	77	80	77	81	77	77	77	81	79	78	88	85	80	76	75	75	78	82	107	95	79	72	78	78	81	86	100	91	78	76	74	76	83	93	95	92	78	74	73	72	91	93	93	90	77	70	62	72	91	87	83	84	74	65
444	84	81	80	77	78	78	76	75	79	77	77	81	77	81	78	72	73	77	80	82	89	83	78	70	75	74	76	84	107	97	79	73	75	77	78	87	98	89	80	71	71	74	84	96	92	91	79	72	72	74	91	93	93	93	79	73	63	72	93	88	84	85	79	63
444	85	79	81	79	78	78	76	77	82	80	76	78	77	82	82	75	74	78	80	79	90	86	79	75	77	73	78	83	109	98	77	70	76	79	78	85	97	91	78	74	73	72	82	93	90	88	80	72	71	70	89	93	89	90	78	71	65	73	94	87	83	85	74	68
444	83	77	78	78	78	75	77	74	81	74	78	80	75	77	77	75	76	74	79	77	88	86	77	73	74	75	77	82	106	96	76	72	75	77	78	85	96	89	80	73	74	75	81	93	91	89	80	75	72	69	92	90	91	90	77	68	71	71	91	90	84	82	74	62
444	83	79	79	78	75	78	75	76	81	76	78	76	78	79	77	76	71	76	77	82	93	85	76	78	75	74	79	82	108	97	76	73	70	77	78	85	97	88	76	74	73	74	80	95	91	90	75	76	72	70	88	91	92	92	78	71	66	74	91	85	87	83	75	69
444	88	81	81	79	74	78	75	74	80	78	76	77	75	79	76	74	75	74	79	77	89	82	75	71	75	75	74	82	110	95	76	73	73	77	76	87	99	89	78	74	73	76	81	94	91	89	79	76	66	74	85	93	86	90	75	75	63	71	93	88	83	84	78	65
444	85	76	79	77	76	79	76	72	81	80	76	81	79	81	75	76	75	76	75	79	90	84	77	74	76	75	75	82	106	96	76	73	77	75	81	87	100	89	79	73	73	73	81	92	92	88	78	72	73	72	87	94	89	90	76	72	64	72	92	85	84	85	75	66
444	82	80	74	78	75	80	75	77	77	76	74	76	76	80	76	73	74	75	76	79	87	81	76	70	73	75	75	81	108	95	76	73	71	75	76	85	100	88	78	69	70	74	79	94	91	91	78	72	73	74	89	89	90	90	75	70	62	74	91	91	86	83	75	65
444	80	77	77	77	74	79	74	73	81	78	75	77	75	78	80	73	75	76	78	80	85	83	77	74	72	73	76	84	103	98	75	74	78	76	77	86	103	92	76	74	71	75	83	95	91	89	78	76	73	70	91	92	91	87	77	69	64	74	89	88	84	83	73	66
444	88	75	80	77	77	79	76	75	79	78	77	79	79	79	74	72	74	79	77	78	88	80	78	73	71	74	75	85	106	95	75	73	75	76	77	85	101	88	79	71	72	77	83	94	91	87	79	72	70	76	92	92	92	89	74	71	68	73	92	89	84	86	74	67
444	81	82	84	79	75	77	74	74	80	80	74	80	75	81	75	75	74	74	75	79	88	83	78	75	75	72	75	86	108	99	75	76	77	75	77	86	98	91	76	71	71	73	81	95	89	87	78	75	66	73	88	93	90	89	77	70	63	69	91	89	84	82	74	67
444	87	79	79	76	76	78	80	74	79	74	75	78	79	78	75	75	74	75	77	81	88	82	77	75	73	71	74	84	108	95	77	71	77	76	77	86	100	91	76	74	72	74	84	92	93	87	78	72	72	71	93	95	92	87	77	72	64	70	90	88	84	84	74	65
444	86	80	78	81	75	79	76	75	79	75	78	80	79	81	75	75	73	78	80	79	86	81	78	73	74	72	77	79	108	92	77	72	74	78	77	88	101	91	79	73	71	73	82	94	92	87	78	78	70	74	87	91	92	87	77	71	65	75	92	90	86	83	75	65
444	85	78	78	81	76	77	75	76	80	77	76	82	78	79	75	74	76	73	78	79	88	84	76	72	74	74	76	81	109	93	77	74	73	76	78	88	100	89	80	75	72	76	81	92	95	90	77	72	72	77	88	92	93	91	81	74	66	72	92	88	85	80	75	64
444	84	80	79	79	77	77	74	75	82	77	79	78	81	75	75	75	76	73	81	80	89	84	77	74	73	75	78	85	108	93	79	70	76	77	80	87	100	86	77	73	72	76	84	95	91	88	75	74	74	72	87	93	93	88	79	70	68	72	92	89	83	87	77	68
444	90	80	81	79	74	81	72	76	81	80	77	83	78	84	80	73	74	78	75	81	92	84	79	76	76	73	78	85	110	94	77	74	77	75	78	88	101	88	75	72	71	76	81	94	92	87	79	75	71	74	89	93	91	87	80	71	63	74	91	86	85	81	79	68
444	84	81	81	79	78	78	76	72	81	77	77	82	79	79	74	76	73	78	76	80	89	84	76	75	73	72	76	87	109	96	76	73	78	76	81	89	101	88	77	75	71	77	83	94	94	91	78	74	71	74	91	93	92	91	77	74	69	70	95	89	85	86	77	65
445	89	82	82	77	77	79	76	79	81	76	78	79	80	82	78	75	79	74	77	79	90	82	78	75	76	76	77	86	108	95	79	72	75	76	78	89	101	92	79	72	70	75	82	93	92	88	79	78	75	74	91	91	93	90	81	69	64	77	92	87	85	84	72	66
445	87	82	83	79	80	81	76	75	82	78	76	81	78	83	76	77	73	76	76	79	87	82	79	73	78	75	77	83	109	95	76	74	73	76	79	88	101	91	78	71	71	77	83	91	90	89	80	76	72	72	91	92	92	89	76	70	66	72	92	87	85	82	76	64
445	86	79	81	79	76	80	75	75	83	78	81	80	82	81	77	72	77	78	77	84	90	84	75	76	74	76	78	85	110	93	79	72	78	77	81	86	101	91	80	72	68	75	81	96	93	90	78	74	70	76	87	91	92	89	74	73	66	73	91	90	85	86	80	69
445	82	81	81	78	75	81	76	77	81	78	76	80	77	79	76	77	76	76	80	80	90	83	79	71	75	76	75	85	108	94	77	73	76	78	78	88	100	90	77	70	71	77	82	95	93	90	79	74	72	74	88	92	91	88	80	70	68	75	93	88	84	82	74	71
445	86	74	80	75	75	78	77	72	81	77	80	79	77	80	79	73	77	76	80	80	90	83	81	74	75	74	78	86	110	94	79	72	76	80	80	87	100	87	79	76	74	79	86	97	95	92	81	77	73	73	89	93	95	91	79	72	70	72	90	89	86	84	79	64
445	85	80	79	79	76	77	72	74	80	78	79	81	75	82	74	74	75	77	76	83	90	81	78	75	75	73	76	84	107	92	75	69	75	78	78	84	98	91	79	71	72	75	80	92	89	89	83	72	74	73	87	93	91	89	76	73	63	74	91	87	85	82	74	65
445	90	80	81	78	76	78	76	77	82	74	76	79	79	77	75	71	73	78	75	79	88	82	74	73	76	74	78	83	106	92	75	72	78	77	76	86	96	90	78	73	73	75	81	91	88	88	84	74	75	77	87	91	88	90	77	68	68	75	93	87	82	86	78	64
444	80	80	79	79	77	77	76	72	82	77	76	80	77	80	75	70	74	78	74	78	87	79	74	75	75	74	77	83	107	86	76	70	74	74	75	82	98	86	75	69	68	73	80	92	89	93	79	75	69	71	89	91	89	91	80	68	64	69	87	88	84	83	76	64
445	83	79	79	76	75	77	75	77	83	75	79	78	78	79	76	73	71	77	76	79	87	77	77	71	77	75	78	84	107	87	78	73	77	76	78	84	96	87	79	68	75	76	85	96	88	94	79	74	66	77	87	95	89	90	75	68	64	74	90	89	88	86	79	68
445	82	75	79	76	76	74	75	76	80	77	78	80	77	76	79	71	76	75	78	80	87	78	72	72	75	74	74	85	107	85	74	73	73	77	79	83	98	87	75	77	74	74	83	90	86	91	81	74	70	69	88	94	91	87	77	71	62	70	91	86	81	83	79	66
445	86	77	82	77	76	77	74	74	79	79	76	79	75	76	78	75	74	76	76	80	86	81	74	74	74	74	75	90	105	85	74	71	76	74	80	85	101	85	77	70	70	76	82	92	90	92	82	76	67	73	88	89	88	89	78	71	63	69	93	88	88	82	80	66
445	85	77	76	76	74	74	72	75	79	78	75	77	78	80	72	74	71	75	75	82	86	78	72	75	72	73	76	90	105	83	75	70	75	72	77	85	100	83	76	72	70	75	84	94	91	92	82	71	71	74	87	90	89	88	83	70	64	72	95	90	87	81	80	69
444	85	77	83	74	76	76	73	73	79	71	74	78	76	78	75	71	79	71	77	80	89	78	75	72	74	71	77	86	106	85	76	72	77	77	80	83	101	84	76	73	71	76	82	91	90	95	80	76	68	76	87	94	89	89	80	73	64	72	94	86	86	85	81	67
445	79	77	76	79	76	77	74	71	83	74	77	79	78	81	77	76	72	73	77	83	90	79	76	74	75	72	76	87	107	83	76	72	76	79	78	90	99	88	75	72	75	79	83	91	90	93	84	73	70	72	92	92	87	88	84	73	68	74	91	92	87	86	81	71
445	83	79	76	76	78	73	72	73	82	75	75	80	77	79	74	73	71	74	74	81	88	77	75	72	74	74	77	85	108	86	77	70	74	75	76	84	96	88	75	70	71	77	80	91	91	91	80	77	70	71	90	93	91	90	83	71	64	69	95	89	85	83	79	68
445	83	81	77	76	75	77	75	73	80	76	76	79	77	80	76	72	75	74	78	76	90	80	77	69	78	75	79	83	107	92	76	70	76	77	77	88	96	89	74	71	69	74	83	92	89	90	82	72	71	73	89	90	89	91	80	72	66	71	95	88	83	84	81	66
445	85	77	80	77	78	73	75	78	79	74	77	78	77	79	80	74	70	77	73	78	90	81	72	73	73	72	72	85	108	93	74	73	73	76	75	88	96	89	78	71	73	76	85	91	93	87	84	74	68	72	92	90	90	90	80	72	64	69	89	86	83	86	81	66
445	84	78	78	80	76	78	76	73	78	78	76	80	78	77	76	74	78	73	78	78	89	80	80	69	74	74	77	84	110	94	77	73	73	74	78	88	99	87	79	73	72	76	84	92	93	87	80	76	70	76	89	94	88	90	79	70	65	71	94	89	86	84	78	70
445	81	75	80	78	76	75	75	71	83	72	75	77	74	79	76	73	74	74	77	80	91	80	76	74	73	71	75	84	106	94	76	73	71	75	81	87	100	88	75	73	74	77	83	94	92	88	80	73	74	70	89	94	93	93	78	74	67	71	93	89	82	88	78	68
445	85	78	79	82	77	77	74	74	81	74	77	77	77	81	78	72	77	77	79	79	89	85	79	74	74	72	77	84	106	97	77	74	76	76	78	87	98	89	79	75	72	77	82	96	93	91	80	73	71	75	91	92	94	88	80	70	63	72	92	88	86	85	79	66
445	81	76	77	78	79	80	72	74	80	78	77	77	78	80	75	75	74	74	77	79	87	82	77	72	73	73	77	84	108	98	74	72	72	77	76	86	99	91	78	72	70	72	82	94	93	86	82	70	72	71	91	92	91	86	77	72	65	73	89	86	83	82	82	68
445	81	77	81	77	75	78	75	75	82	77	77	78	77	79	75	74	73	75	76	80	89	83	77	72	72	72	77	83	104	97	76	74	72	75	76	87	99	90	76	74	69	78	82	93	91	89	80	75	66	72	87	91	91	88	83	70	62	75	91	87	83	86	79	67
445	82	80	77	77	75	77	73	75	78	75	78	77	76	79	77	71	76	77	75	76	89	81	78	72	74	73	74	81	106	97	75	70	74	76	77	86	99	87	76	72	72	80	82	97	90	86	80	74	71	74	90	93	91	89	81	69	63	73	92	87	83	82	81	67
445	83	78	79	76	75	77	76	70	81	76	75	80	76	78	75	73	74	75	77	77	90	82	76	72	74	77	78	84	106	98	75	73	73	75	77	87	97	91	79	74	69	75	82	95	93	90	82	75	72	73	89	92	92	87	81	70	67	74	93	87	85	85	79	68
445	82	78	79	76	78	78	76	74	79	75	72	78	77	79	75	74	76	78	74	80	90	84	80	73	75	73	77	84	106	95	78	72	73	77	78	86	100	87	77	73	69	74	81	91	91	87	80	69	69	72	89	92	92	91	82	72	63	74	90	87	83	82	77	62
445	80	79	80	81	73	74	78	73	79	74	74	78	76	78	75	70	73	78	77	80	91	85	77	75	76	75	76	83	108	92	74	71	75	72	78	86	96	88	76	69	72	71	82	94	95	90	81	74	69	71	88	89	90	90	78	68	65	70	92	89	82	84	79	61
445	85	79	80	80	73	77	75	75	79	75	76	77	77	78	80	74	75	76	76	79	88	81	76	71	74	74	77	84	105	95	75	73	76	75	80	84	101	90	79	71	71	77	82	95	92	92	81	72	72	72	90	93	94	91	81	70	63	72	91	87	86	85	78	65
445	83	77	76	77	74	75	72	72	81	75	78	81	79	80	79	75	78	77	79	78	91	82	77	74	78	75	76	83	107	93	77	72	72	75	77	89	99	88	75	72	70	74	82	94	94	90	78	73	74	73	92	94	92	90	76	71	69	73	90	91	87	86	82	65
445	82	77	78	77	76	79	73	75	80	79	78	79	78	81	77	75	73	76	77	80	90	84	76	73	73	72	76	81	107	97	75	74	76	79	82	88	102	91	78	74	73	78	83	94	93	90	80	74	71	75	91	93	90	87	81	73	69	71	93	90	87	88	79	69
445	84	79	80	78	75	76	75	74	80	76	76	79	77	80	79	73	78	77	78	78	91	84	74	75	67	75	78	83	103	98	74	73	75	77	76	87	101	89	79	71	72	77	83	94	93	88	82	73	71	74	89	94	93	88	79	73	68	76	91	89	86	87	79	69
445	83	80	79	78	78	77	74	77	79	77	79	75	75	79	77	73	75	77	80	82	90	83	78	74	74	76	77	86	107	95	74	76	77	78	77	90	97	90	77	72	69	76	81	94	91	89	77	76	71	76	86	94	94	89	77	73	61	71	88	87	83	84	80	67
445	85	77	83	81	76	78	72	77	79	76	77	79	79	83	72	73	76	76	80	82	90	82	79	70	75	73	74	84	109	89	74	71	75	77	79	86	97	89	76	72	69	73	81	91	94	96	81	71	69	75	87	93	92	90	83	68	64	72	96	89	83	88	82	70
445	87	79	83	78	79	78	75	75	81	70	77	78	77	79	78	71	76	77	82	80	89	80	79	76	76	78	78	88	107	84	74	71	73	80	78	86	98	88	78	71	69	79	83	93	90	93	80	76	68	76	91	94	93	90	80	71	67	76	90	91	84	85	79	68
445	83	80	82	79	75	79	74	75	85	80	79	78	81	81	76	75	77	79	78	83	86	79	75	77	73	75	79	87	107	83	75	71	75	77	80	85	97	88	79	74	73	74	82	94	92	96	82	75	74	75	88	92	90	88	79	72	67	76	91	93	83	86	79	63
445	80	77	76	78	75	78	73	74	77	77	77	80	78	77	74	71	74	78	82	80	88	80	78	75	75	73	77	88	108	83	72	69	76	76	78	86	99	88	78	73	72	77	83	94	91	94	82	73	70	74	89	94	92	90	81	71	64	69	93	88	85	86	82	68
445	85	77	79	80	74	78	71	72	80	77	75	79	77	77	76	75	73	74	76	80	86	78	74	76	76	73	80	88	107	85	72	74	76	74	81	84	97	88	78	72	71	74	82	95	89	95	84	74	70	76	90	94	91	89	81	72	64	74	93	87	84	86	77	67
445	84	76	81	78	74	78	72	71	80	74	78	77	78	81	73	72	73	73	75	80	87	76	76	76	73	71	75	86	106	81	75	73	74	74	76	87	97	88	81	71	73	77	80	93	90	93	81	74	73	75	88	93	92	90	79	70	65	72	92	86	84	84	77	66
445	78	77	78	76	75	75	75	77	79	74	76	75	74	80	77	71	74	75	76	80	91	81	74	73	73	72	77	85	106	87	72	71	73	76	75	85	94	87	76	76	72	69	79	92	87	91	79	70	72	75	87	92	92	90	79	70	66	76	89	89	87	82	76	61
445	80	77	78	76	76	75	73	73	78	75	74	76	73	78	74	74	76	75	74	77	89	76	77	72	74	76	75	84	107	85	75	72	74	73	78	83	97	86	77	71	73	74	81	92	90	91	80	74	73	75	92	91	92	92	80	69	68	73	91	91	84	86	79	65
445	84	77	79	78	76	72	75	74	82	78	76	75	77	80	74	74	75	75	74	74	88	77	76	73	73	73	73	85	106	89	70	70	74	75	77	84	94	88	75	68	69	76	80	93	89	94	79	72	72	71	89	92	92	87	77	68	67	73	92	88	83	85	76	69
445	86	77	80	78	75	78	74	75	77	73	76	78	76	85	74	73	74	72	76	76	89	76	73	72	70	73	75	81	107	87	72	69	73	78	75	82	96	87	76	73	73	71	82	92	90	91	77	71	72	72	91	90	91	85	79	69	63	72	90	85	84	85	75	65
445	82	78	82	80	74	76	70	71	78	74	74	79	75	79	77	74	74	73	76	79	88	79	76	72	74	72	72	82	106	90	73	70	74	78	78	87	95	90	74	72	72	73	79	90	90	92	82	70	67	74	87	93	91	90	76	69	64	72	90	87	83	85	79	64
445	86	76	79	77	77	75	75	73	78	73	78	76	74	78	75	73	75	73	75	79	89	78	76	71	73	72	76	82	108	87	75	73	70	76	74	82	93	90	76	73	73	73	83	91	89	90	79	72	71	72	91	91	90	90	82	70	70	71	91	88	85	85	79	67
445	82	80	80	78	76	75	69	75	77	75	75	75	73	77	73	69	74	76	74	79	89	81	76	78	73	70	74	84	106	93	72	68	73	77	75	85	97	86	76	71	69	73	79	92	91	90	81	72	72	74	89	91	92	89	77	73	63	71	93	86	87	84	78	66
445	85	77	77	76	76	74	73	72	78	72	75	77	76	79	77	69	74	77	76	79	89	81	73	72	72	73	74	81	103	93	71	70	75	75	79	87	96	87	78	73	72	74	82	94	91	90	80	74	70	71	88	92	92	88	80	71	67	71	93	87	83	82	80	67
445	81	78	78	79	79	76	73	71	76	75	76	76	75	77	78	74	74	73	75	79	85	80	73	71	72	72	75	82	102	96	75	75	72	74	75	83	98	88	73	71	71	75	82	92	92	90	80	73	71	67	88	91	88	90	77	70	61	70	90	86	82	87	77	61
445	84	78	80	76	78	76	77	72	79	77	74	75	74	82	74	72	76	75	78	76	89	79	77	72	76	73	74	81	106	96	79	71	72	75	79	87	98	87	77	71	68	74	82	92	94	88	81	72	72	73	89	91	90	86	80	72	68	72	92	86	85	82	78	65
445	85	78	83	77	74	76	74	75	77	77	75	78	76	80	71	74	75	74	75	76	87	80	77	71	77	73	74	82	104	94	75	69	74	76	76	84	98	89	74	73	67	72	79	94	91	89	78	71	70	73	90	92	93	88	76	68	69	75	94	87	86	87	78	69
445	84	71	79	76	73	77	73	73	76	73	77	77	75	78	74	73	71	76	74	77	88	84	75	70	74	74	76	81	107	93	76	70	75	76	74	86	95	91	75	74	70	71	82	91	92	87	78	71	72	73	89	91	92	87	81	72	64	74	89	89	84	86	76	68
445	83	80	78	79	75	76	72	77	81	72	79	76	76	77	74	71	75	75	74	78	88	81	75	75	76	73	74	82	105	95	75	73	72	73	77	88	100	86	77	72	74	74	82	92	92	88	79	72	71	70	91	91	90	89	80	69	63	71	91	85	82	82	73	66
445	80	77	74	75	73	73	70	75	81	77	77	77	76	80	75	72	74	74	75	78	86	81	78	73	73	73	78	82	107	94	76	69	74	77	76	87	96	87	74	71	72	71	81	92	91	92	76	74	71	77	85	93	91	92	76	72	64	75	91	89	83	82	76	69