No subjects, indoors
312	96	88	90	85	85	84	80	77	86	87	86	87	85	86	85	81	85	83	84	84	84	85	85	83	83	81	84	84	84	84	83	81	78	84	86	85	86	85	84	84	80	80	83	83	84	83	81	79	75	75	79	81	80	79	78	74	66	66	70	71	75	71	70	64
312	90	88	89	89	85	84	80	80	89	86	84	85	83	88	85	79	79	81	85	86	81	87	83	82	77	80	85	83	84	84	82	79	80	83	85	87	85	85	83	81	75	79	83	82	82	82	80	78	72	74	78	79	79	78	77	72	62	62	71	70	74	69	72	62
313	92	83	91	87	85	87	80	79	91	89	85	90	87	90	86	84	79	82	86	86	86	87	83	84	77	84	84	87	85	86	85	79	78	81	81	85	87	84	83	79	74	79	80	82	84	86	78	77	71	74	77	80	81	78	74	74	62	66	71	74	73	71	69	65
312	91	87	88	83	83	83	81	79	87	85	82	83	83	85	82	78	83	84	86	87	83	87	88	79	80	81	85	85	82	83	84	83	82	84	81	84	85	85	85	79	74	78	79	81	84	81	81	78	72	72	77	82	78	79	76	72	57	69	63	71	74	73	70	64
313	96	87	88	85	83	83	81	82	86	84	86	85	86	85	82	78	83	84	85	84	82	83	84	79	85	79	84	84	85	83	81	78	79	79	82	81	82	83	82	78	74	80	79	84	82	82	80	76	73	73	76	78	75	79	75	72	60	63	70	75	74	70	72	61
313	88	85	83	86	82	82	79	81	87	85	85	86	84	87	83	79	80	83	84	85	85	86	83	83	81	80	82	85	86	83	82	79	80	80	82	83	83	85	83	78	75	77	78	82	84	78	81	76	74	77	75	81	78	77	73	72	63	63	67	75	75	68	72	62
313	90	87	89	87	83	84	80	81	86	83	83	88	85	86	81	78	81	84	87	84	83	85	84	81	80	81	83	85	85	81	80	77	84	82	85	84	85	84	83	80	75	78	81	82	83	80	80	77	71	71	75	79	76	75	75	71	58	65	70	70	73	69	68	65
313	94	87	90	85	83	80	81	79	86	85	84	85	85	83	83	78	82	86	84	86	83	83	84	77	82	78	83	83	86	83	81	76	77	83	83	82	81	84	79	75	74	79	79	80	81	80	81	75	67	74	73	78	77	76	75	69	65	66	71	71	72	70	69	63
313	87	86	84	83	84	81	76	80	86	84	85	85	83	85	81	77	78	82	82	83	82	83	83	79	80	79	83	84	87	82	83	77	76	83	82	84	82	83	82	81	74	78	80	79	81	80	82	74	71	73	76	80	74	79	75	70	61	65	70	72	73	68	69	63
313	91	88	86	82	82	83	79	76	86	85	83	86	83	83	83	78	76	85	84	85	83	83	83	77	79	81	84	83	84	84	83	81	77	81	82	84	83	82	80	78	73	76	81	81	82	81	76	76	71	73	76	77	79	75	75	76	62	69	69	73	68	69	69	63
314	91	85	84	84	84	81	79	81	84	85	82	87	84	86	81	81	80	82	84	81	83	85	82	80	75	82	84	82	82	82	82	76	80	81	82	82	84	81	82	77	75	77	79	81	81	83	83	75	70	75	77	79	79	78	73	71	63	67	69	74	68	69	68	61
313	85	88	85	85	85	83	79	78	89	83	84	87	85	85	85	79	76	82	81	83	79	85	82	77	81	82	84	82	86	81	81	77	78	82	81	85	82	80	82	77	75	79	81	81	82	81	80	78	73	72	76	78	78	78	75	71	62	67	64	74	73	65	70	65
313	93	89	85	87	83	86	77	79	85	86	85	87	85	89	81	80	82	81	86	85	86	83	84	77	78	81	84	84	83	82	81	77	81	78	83	84	85	81	81	75	73	77	80	80	82	81	78	73	72	70	76	77	76	74	74	72	57	65	65	71	70	70	68	65
314	90	85	86	88	80	83	79	80	87	85	85	85	85	85	81	80	81	86	88	86	85	85	84	77	79	82	83	83	83	81	80	78	78	81	83	81	82	83	81	79	76	77	81	85	82	80	80	76	68	75	76	79	74	79	78	71	66	69	71	73	70	69	70	64
314	92	84	87	84	85	84	81	78	85	85	83	87	85	85	83	78	79	82	85	84	81	84	83	80	79	76	82	80	85	84	80	77	78	81	82	86	85	80	79	79	73	78	81	80	86	81	83	78	68	73	75	81	77	76	72	69	63	69	69	75	74	68	70	64
314	89	87	87	87	83	84	78	78	86	85	83	84	83	87	83	77	83	81	85	86	86	86	85	82	80	78	83	83	84	83	82	78	77	83	83	81	85	82	81	75	73	77	79	81	80	81	77	77	68	75	74	82	76	78	73	72	62	65	70	73	74	65	74	63
314	91	86	88	89	80	86	79	79	85	85	82	87	82	85	79	79	80	81	83	84	84	84	84	79	78	80	84	84	84	82	82	80	78	79	82	83	83	83	81	77	76	78	80	82	82	82	81	74	67	74	77	82	76	78	73	69	67	64	69	73	74	72	70	63
315	91	84	90	86	85	81	81	80	85	86	83	87	83	86	81	81	80	81	83	84	83	83	82	82	80	79	83	82	84	82	81	77	78	82	81	84	83	84	81	79	73	80	80	83	84	84	81	78	70	71	80	80	82	74	76	71	64	69	73	71	74	73	70	60
314	87	87	84	84	80	82	78	75	87	86	83	85	85	84	81	77	80	83	85	84	85	84	84	75	79	80	82	82	82	82	82	77	76	80	81	86	83	83	81	78	76	79	77	80	83	80	80	76	69	71	76	80	76	75	73	72	60	66	66	73	68	68	70	60
314	90	86	86	87	84	82	78	78	87	85	83	82	84	84	80	79	84	85	81	86	82	84	83	80	83	78	81	84	86	83	82	82	75	78	83	82	82	82	78	79	74	78	83	81	82	83	79	76	70	73	74	79	75	77	73	74	55	66	67	72	70	72	68	61
316	90	83	85	84	86	86	85	83	82	82	87	84	85	86	85	79	80	84	84	86	81	84	85	79	81	79	81	83	84	82	83	78	79	81	84	85	86	81	85	78	72	76	80	82	82	82	77	78	71	72	76	81	77	79	74	70	57	65	67	71	67	71	71	66
316	87	86	88	88	85	86	83	82	81	84	84	86	84	86	81	80	81	82	84	84	84	88	88	83	81	78	81	83	84	84	83	76	78	81	85	83	84	83	84	79	75	80	84	83	85	83	81	75	70	74	77	79	79	76	76	72	58	65	66	73	72	70	70	63
316	86	83	87	84	86	87	82	81	79	82	85	87	81	85	79	79	80	78	82	85	83	85	83	79	79	80	84	86	83	84	78	77	79	81	83	83	81	85	83	76	74	75	80	81	83	81	78	76	71	72	76	80	78	76	73	73	61	65	67	69	71	69	68	62
316	86	84	86	88	86	87	84	78	81	84	84	87	85	85	80	81	74	81	82	83	82	84	82	77	80	79	81	84	86	82	83	79	78	79	85	82	82	81	80	76	76	79	80	82	84	79	80	76	69	71	76	78	78	76	78	71	63	65	67	70	72	69	64	61
316	88	87	86	83	86	85	82	81	85	82	81	86	84	87	84	77	82	85	83	84	85	85	81	79	77	79	84	82	84	82	80	79	82	78	85	82	84	82	89	78	74	77	79	81	83	85	81	77	72	71	76	79	79	77	76	70	63	69	66	72	73	70	66	64
316	90	84	87	90	87	83	82	80	82	83	86	87	83	86	83	82	79	84	83	84	86	84	85	79	78	79	83	85	83	84	84	76	80	81	85	82	86	82	83	78	78	77	80	78	81	83	77	77	74	75	76	81	78	78	75	70	61	70	70	75	73	69	68	61
316	85	84	85	85	85	85	87	79	82	86	83	87	85	87	82	83	81	83	85	86	84	86	83	79	79	81	84	85	86	84	83	79	79	82	85	83	86	82	85	80	76	80	79	83	84	83	84	74	72	71	76	79	80	75	78	70	62	68	68	71	72	71	68	65
317	89	88	87	85	85	84	82	80	82	84	85	87	85	89	82	80	80	84	83	87	83	86	84	82	80	83	84	88	88	86	81	81	80	82	85	83	86	81	84	81	76	79	84	84	84	84	82	77	70	72	77	80	80	78	77	73	66	67	72	71	76	70	71	62
317	89	88	87	91	87	89	83	82	85	85	83	84	84	87	84	81	80	86	86	86	84	88	82	80	78	81	85	83	86	85	82	79	82	79	84	85	81	81	83	77	73	82	81	81	83	83	81	77	72	75	77	79	80	78	76	71	63	69	69	74	73	72	69	65
317	90	87	88	87	83	86	85	76	79	82	80	85	82	87	81	82	77	83	83	86	84	85	83	80	80	81	81	85	84	83	83	78	76	81	81	85	83	83	84	79	76	78	79	81	82	80	79	76	72	72	76	80	81	79	75	69	64	65	67	70	72	68	67	60
317	87	85	87	87	87	83	84	80	84	83	86	84	83	86	80	77	83	81	84	84	81	84	84	82	79	80	82	84	83	83	81	81	78	79	81	83	84	82	84	72	74	80	81	83	80	83	80	79	70	73	74	81	78	76	74	72	62	70	72	71	71	71	68	64
317	88	86	88	87	85	86	82	81	83	83	85	83	85	85	84	80	80	83	83	87	84	85	82	80	83	80	82	81	85	82	81	78	80	79	82	82	85	83	82	79	74	77	80	81	82	80	79	78	70	74	74	82	80	76	77	72	64	70	66	72	75	68	70	64
317	87	83	87	84	84	86	82	80	85	83	83	86	85	85	84	81	75	81	84	84	81	82	82	78	77	77	83	81	84	84	84	80	79	81	84	83	85	82	85	78	75	76	82	80	82	83	81	73	70	72	75	77	80	77	75	68	63	67	70	74	70	71	71	64
318	89	87	89	85	87	85	85	79	83	80	81	87	82	87	82	78	82	81	86	84	83	85	82	79	81	82	85	83	87	84	83	82	76	83	83	84	85	82	82	78	77	78	79	83	82	80	80	75	71	71	75	78	76	74	75	70	60	66	66	72	73	69	71	61
317	90	85	87	86	85	86	83	79	84	82	83	87	82	85	85	82	79	84	83	88	86	84	84	82	80	81	84	83	84	80	85	79	80	82	84	84	84	82	84	75	74	78	81	81	82	83	78	77	68	73	73	79	80	76	73	71	55	67	66	74	73	71	65	62
318	90	87	86	87	87	89	82	83	81	83	86	88	83	87	86	80	85	85	80	84	83	86	82	80	81	80	85	88	84	84	85	79	79	83	84	87	85	83	82	80	75	82	79	80	82	84	80	76	73	75	75	82	81	77	74	69	58	64	69	73	76	69	68	60
317	88	87	88	87	87	85	85	81	83	81	87	87	83	88	85	81	78	82	82	85	84	81	84	78	79	81	81	85	84	84	81	81	80	82	83	83	83	83	82	77	77	78	79	83	82	83	81	76	76	74	74	81	77	74	74	74	65	67	70	73	69	67	71	63
318	88	86	85	88	86	87	82	81	85	81	85	88	85	88	84	77	79	83	85	87	82	86	83	82	79	82	85	86	85	84	81	80	81	81	86	84	86	86	82	78	76	78	84	83	82	84	79	77	75	74	77	79	78	79	77	72	63	71	71	73	73	71	70	61
318	90	83	89	86	89	88	84	81	86	83	84	89	84	88	86	79	77	82	87	85	85	85	82	78	78	82	84	86	85	84	82	79	79	79	82	86	85	84	82	80	75	78	82	84	84	83	81	78	72	72	78	76	78	75	75	70	60	69	70	75	70	70	69	65
318	87	86	87	87	86	88	85	83	82	81	86	84	84	87	81	80	83	85	86	87	85	87	85	83	82	85	85	85	86	87	84	80	79	80	83	85	86	86	85	81	81	79	85	81	85	82	83	77	74	76	77	83	79	78	77	69	62	69	71	73	73	73	70	65
320	89	91	91	86	85	85	85	84	82	84	86	87	85	87	84	84	81	85	88	87	84	84	85	81	85	82	88	85	88	83	85	78	78	82	82	84	85	83	81	82	79	80	82	82	84	83	80	76	72	73	77	81	82	78	75	74	62	70	69	77	73	73	67	65
320	90	86	90	90	87	87	84	82	80	83	85	85	87	88	83	82	80	82	84	84	84	84	82	81	82	80	86	85	83	84	82	80	83	85	82	83	85	84	83	80	78	78	80	83	84	83	80	76	73	75	78	80	80	80	76	70	65	69	69	73	73	72	69	63
320	91	85	87	86	88	87	86	77	83	84	86	89	84	87	86	82	80	84	87	86	85	85	85	83	79	84	82	82	84	83	79	78	80	81	82	82	84	84	83	75	75	80	80	82	85	80	81	76	79	76	80	80	77	77	78	69	65	67	70	73	74	77	70	65
320	92	90	93	88	87	88	84	83	87	84	84	87	87	89	84	81	79	86	83	86	85	87	83	84	80	81	84	83	87	84	82	82	80	81	83	83	86	81	84	79	78	78	82	81	84	81	80	80	74	74	74	79	76	75	74	70	62	64	67	74	69	72	67	66
320	89	86	90	88	87	89	86	82	85	81	86	85	86	85	81	79	83	84	86	88	86	85	86	82	78	82	83	84	89	83	83	79	78	81	82	88	87	82	85	79	78	78	82	82	84	82	77	76	75	77	75	81	81	79	77	74	62	65	70	73	74	71	70	63
320	93	91	90	89	86	87	84	82	82	81	86	87	85	89	83	78	82	84	84	86	84	87	86	80	79	82	85	83	86	86	86	81	81	85	85	86	86	84	85	77	75	80	78	81	81	81	80	77	72	74	78	83	76	76	75	73	63	71	68	75	73	71	71	64
320	88	87	87	87	88	88	83	81	90	84	87	87	84	87	81	79	78	87	82	87	86	85	86	80	80	84	86	87	88	83	85	82	78	82	82	85	85	81	84	78	81	79	85	83	84	84	82	77	74	77	76	82	81	77	78	73	64	70	74	75	78	73	71	67
320	90	87	88	87	87	89	83	84	84	83	86	87	84	88	86	84	79	83	84	89	85	87	84	82	80	82	84	85	87	84	86	80	84	82	86	82	87	82	84	79	77	80	82	81	85	84	82	75	76	75	78	81	80	78	75	72	63	68	71	75	78	68	72	63
321	88	92	88	86	87	87	86	85	87	83	83	87	86	89	84	77	80	85	84	86	84	88	86	81	80	81	84	88	86	85	83	80	80	80	87	85	87	85	86	80	79	81	81	81	84	84	83	78	72	74	78	82	82	79	79	75	58	70	70	76	73	74	70	70
320	89	87	90	86	87	90	81	82	84	84	86	88	85	88	83	80	82	83	87	86	87	87	85	80	81	82	86	83	87	82	81	82	81	84	84	85	89	83	84	79	74	80	80	82	83	82	80	77	67	73	74	80	80	79	73	68	61	68	70	75	72	69	74	64
321	84	88	90	88	87	86	83	81	86	84	88	88	86	88	83	82	80	83	87	83	84	86	82	80	80	79	81	85	86	83	81	79	80	81	85	82	88	81	85	78	76	78	79	82	83	82	80	78	73	75	79	80	79	80	77	75	64	68	69	73	71	73	73	64
321	89	90	90	86	87	89	86	82	82	82	84	88	86	87	83	79	80	86	87	88	87	85	84	83	82	81	83	86	87	83	80	78	82	84	82	86	84	84	81	79	76	78	82	81	85	82	83	77	73	69	73	77	80	78	73	74	62	67	70	73	74	72	70	61
321	84	88	86	88	86	85	82	80	83	80	84	86	84	87	86	82	83	84	84	83	84	87	85	81	81	81	86	87	86	86	83	79	82	81	83	85	85	85	85	78	75	80	81	81	82	82	82	77	74	74	77	80	77	78	75	72	63	70	69	75	73	70	68	63
321	90	87	87	88	85	88	85	82	85	85	84	88	86	89	86	80	81	86	86	85	86	86	83	82	79	81	86	87	86	84	83	79	80	82	84	85	87	83	82	79	78	79	81	82	84	84	81	79	75	75	77	80	79	76	77	70	59	69	69	72	72	69	69	66
321	85	85	87	86	80	86	79	79	85	82	82	87	85	87	83	79	78	85	86	85	83	86	84	81	79	82	83	85	87	83	83	79	83	84	83	85	86	83	84	79	79	79	81	82	85	82	80	79	78	73	78	80	78	78	76	74	63	73	69	71	71	70	67	63
322	90	87	89	88	88	86	83	86	84	83	88	86	84	86	83	78	80	84	82	84	82	84	85	80	80	79	83	82	88	85	82	77	79	83	83	86	87	83	82	78	77	79	79	82	83	84	78	76	73	72	78	79	81	77	75	74	62	70	67	75	77	71	71	65
321	84	87	86	88	86	84	83	84	85	83	84	86	86	91	82	82	79	84	83	88	84	87	85	80	75	81	81	84	86	82	83	79	82	82	82	84	84	83	84	79	78	78	78	81	84	83	79	78	75	75	75	84	76	77	77	75	61	68	71	72	74	71	71	66
321	92	88	93	89	86	86	86	83	84	83	87	88	85	87	84	82	81	83	83	85	82	82	84	78	79	82	84	83	84	82	83	78	77	80	84	85	84	83	85	79	77	78	80	78	81	82	80	74	73	73	76	79	80	75	76	73	63	69	67	73	74	71	71	63
321	88	83	86	83	80	83	86	79	86	82	85	84	85	85	81	80	79	83	86	86	84	84	82	79	79	81	83	84	85	84	82	77	77	81	83	82	85	83	80	80	82	80	81	79	83	82	81	77	74	76	75	81	78	75	74	72	63	67	68	72	73	66	71	65
321	89	86	87	87	85	86	83	83	84	84	85	85	83	86	81	81	80	82	84	83	84	84	86	84	80	82	87	82	85	84	82	78	79	82	85	80	85	83	81	77	76	77	79	82	82	79	82	76	70	76	73	79	80	76	75	75	64	67	68	73	70	71	69	65
323	89	87	87	90	89	89	86	84	83	86	87	87	85	88	87	80	83	84	86	88	86	87	88	81	77	84	86	86	86	87	81	80	84	83	85	84	87	85	87	78	77	79	81	83	85	84	82	79	74	76	79	82	80	80	74	71	61	73	71	78	70	73	71	67
323	89	89	91	86	84	85	85	82	85	84	85	88	83	86	81	81	80	83	84	87	85	91	84	84	84	83	87	86	88	85	87	80	82	83	85	86	88	85	84	82	79	80	82	81	85	84	80	76	77	78	76	80	82	80	75	74	67	68	72	77	73	72	72	66
323	90	89	86	90	83	87	82	82	84	83	88	89	86	91	85	83	82	85	84	85	85	87	86	81	84	83	84	86	85	86	86	80	81	82	87	86	86	85	84	79	81	78	82	81	85	82	81	79	75	76	77	80	79	78	78	72	65	71	70	77	75	72	72	68
323	91	89	90	86	87	88	85	83	83	83	87	87	86	87	87	82	82	86	84	87	83	86	83	84	81	82	88	87	87	86	85	80	81	83	85	84	88	85	84	80	74	80	82	85	86	82	83	74	77	76	77	82	79	79	78	77	63	66	70	75	77	71	71	62
323	88	85	90	87	88	86	82	85	89	84	88	87	86	85	86	81	84	83	85	85	86	88	85	81	84	81	85	88	89	85	87	82	80	84	86	87	85	86	84	83	77	81	82	84	85	85	82	79	72	74	76	82	78	79	74	74	63	70	71	76	77	74	72	68
323	89	90	91	87	88	83	84	85	85	84	86	91	84	90	83	84	82	85	87	89	84	88	84	83	82	80	86	88	86	85	85	81	80	83	85	86	86	83	84	79	73	81	81	84	83	82	81	79	74	75	79	83	80	76	76	71	67	70	73	73	78	72	72	63
323	89	87	90	85	87	86	85	85	84	83	86	91	84	89	84	82	80	83	86	86	84	89	87	81	83	81	83	84	87	84	85	79	82	84	85	88	84	83	84	80	78	80	83	81	82	83	82	78	76	77	78	80	79	77	72	73	62	71	69	74	77	71	71	64
323	82	88	90	90	86	88	81	83	88	82	86	87	88	87	85	82	83	85	86	86	86	85	83	85	82	83	86	87	88	88	84	82	80	84	85	88	85	86	84	81	77	82	82	85	85	85	82	80	77	75	78	84	81	76	79	74	60	70	65	76	72	73	69	67
323	93	86	88	85	90	88	84	83	80	84	86	86	82	87	84	80	81	84	84	86	86	86	89	82	84	83	83	85	87	84	82	81	80	84	86	87	86	86	88	78	78	78	84	82	88	82	82	79	73	75	82	84	82	79	77	74	60	68	70	74	78	73	70	66
323	91	88	91	88	87	85	83	82	86	83	86	88	86	86	85	83	81	84	85	87	85	87	86	84	83	83	85	85	89	86	85	81	80	80	82	84	85	84	82	80	78	80	81	82	85	82	83	78	73	77	78	79	81	79	78	70	66	72	74	72	72	72	73	66
324	90	89	89	91	85	87	86	86	80	84	85	89	87	90	83	81	82	88	86	88	86	86	86	85	84	83	86	87	87	84	84	80	82	82	87	83	88	84	84	82	78	80	86	83	84	82	82	79	74	77	80	82	78	80	76	74	61	73	70	78	76	72	71	69
324	88	87	88	88	87	86	86	85	83	85	83	88	82	87	84	82	83	81	84	87	83	86	85	82	80	85	85	87	86	84	84	83	79	82	83	85	85	82	83	79	75	78	79	83	83	84	78	78	75	78	76	82	80	76	75	75	65	71	69	75	70	73	73	63
324	88	90	90	89	84	86	84	81	85	84	90	88	87	91	85	82	83	81	87	85	88	86	84	81	82	83	84	83	87	85	84	79	80	85	86	85	88	84	88	80	78	82	83	82	81	86	82	77	74	72	76	82	79	80	75	77	64	68	69	74	77	74	72	66
324	88	89	87	88	86	89	83	84	83	81	85	85	85	84	87	80	80	83	86	88	84	87	87	81	81	83	84	86	86	86	83	86	79	81	83	85	85	84	86	77	75	79	78	81	84	81	82	79	73	75	78	82	79	76	75	70	65	71	70	75	73	75	72	67
324	91	86	89	88	87	84	81	83	83	83	85	87	86	88	84	83	78	82	85	87	84	88	83	79	81	82	84	87	87	86	85	79	79	85	82	83	85	84	82	80	76	79	84	82	83	82	82	78	77	75	80	82	78	77	76	73	61	73	69	75	75	74	70	67
324	87	86	89	87	86	85	86	81	85	85	84	88	87	86	84	81	82	83	88	88	86	86	86	79	80	83	84	88	86	86	86	83	79	81	86	86	84	83	83	80	74	82	83	84	83	85	83	76	73	75	80	80	81	76	80	74	62	70	67	76	74	72	69	68
324	90	88	91	89	88	87	86	84	83	84	83	88	87	88	86	82	80	87	85	89	84	88	84	83	79	83	86	85	85	86	82	80	80	83	83	83	85	84	85	75	76	78	83	80	83	83	82	79	74	72	77	81	83	77	79	73	59	70	67	74	73	71	69	63
324	89	88	90	85	84	86	84	82	85	82	88	84	88	87	84	77	78	84	83	89	85	85	86	83	80	80	84	84	85	83	80	79	81	81	82	84	84	85	83	76	75	83	83	83	82	84	81	78	72	74	77	83	81	80	75	73	66	71	71	78	74	71	71	65
324	89	87	88	88	85	87	84	81	84	83	85	86	86	85	83	81	80	84	82	86	86	86	86	79	81	81	84	87	87	83	83	78	77	83	86	83	87	84	84	80	81	80	81	84	83	86	82	77	74	75	78	82	80	80	77	75	65	69	71	77	72	73	72	64
324	89	90	88	88	86	85	85	84	86	84	85	87	86	88	86	80	83	85	82	86	84	87	84	83	81	82	84	85	85	84	86	81	78	83	85	85	84	84	83	81	75	80	82	84	85	86	83	78	71	74	78	82	74	74	73	76	62	66	66	75	70	74	70	67
326	91	89	88	90	88	86	85	82	89	89	88	89	87	90	86	81	83	86	87	88	87	89	89	84	82	86	89	88	87	91	87	84	81	85	90	89	86	87	84	82	80	84	82	89	88	86	83	80	76	74	78	84	81	81	80	76	67	71	75	80	78	76	73	70
326	96	91	89	91	89	89	84	82	87	89	89	90	87	90	87	82	85	86	92	92	86	90	88	87	84	85	89	86	89	88	86	83	82	85	87	86	88	90	86	84	76	84	84	88	88	87	83	78	74	78	80	82	81	80	80	75	66	73	72	77	77	73	72	67
326	96	93	89	92	88	87	86	83	88	90	86	94	92	92	88	84	85	89	87	91	88	93	88	86	86	84	91	88	91	87	87	81	84	89	86	90	89	88	86	87	77	84	87	87	87	85	85	78	81	77	80	84	85	79	77	75	67	74	69	77	77	75	75	68
326	93	88	91	89	88	90	85	82	91	87	88	91	90	89	85	82	82	85	86	93	89	89	88	82	84	86	88	87	86	87	85	85	82	86	87	88	88	86	91	83	77	82	89	85	87	85	86	81	76	77	78	83	83	82	79	78	66	73	72	75	73	77	71	69
327	92	94	93	90	89	88	83	86	91	88	92	90	89	90	86	83	84	89	90	90	89	93	88	87	87	87	90	88	89	86	88	83	82	88	87	89	87	88	84	83	81	82	86	86	86	85	83	82	78	74	81	84	85	79	82	76	68	71	74	78	75	76	74	67
327	92	91	89	92	87	90	85	83	92	90	92	90	90	89	88	84	85	84	90	90	88	88	91	85	84	85	89	87	87	88	86	82	84	86	87	88	88	87	83	83	79	82	87	85	85	87	84	78	79	78	82	86	85	83	78	78	68	69	75	78	76	77	75	70
327	93	92	88	91	85	88	84	81	89	86	89	88	87	87	88	83	83	88	90	89	88	88	89	85	83	88	86	89	89	86	86	82	84	84	88	88	87	86	84	80	77	85	86	85	87	87	84	82	78	79	79	85	82	82	78	78	65	69	72	78	76	74	72	71
327	95	91	90	89	89	87	84	83	87	86	91	88	86	92	88	80	85	90	87	88	84	88	89	85	82	81	88	88	88	86	85	84	83	84	85	89	87	88	87	81	80	81	87	85	87	84	84	79	75	81	81	83	81	81	76	74	64	73	73	75	74	79	71	65
327	96	89	89	87	83	84	83	81	90	84	86	89	85	86	85	83	85	87	88	86	87	87	86	83	83	84	86	87	89	86	84	79	82	85	88	89	87	88	86	82	77	84	84	84	83	86	83	80	74	78	80	84	83	79	81	74	66	71	73	77	78	73	73	70
327	92	90	86	87	84	82	80	85	87	84	82	85	85	90	85	81	82	81	84	87	87	87	87	82	83	82	87	86	87	85	87	83	80	83	85	85	85	87	86	83	76	82	85	82	84	85	83	78	73	79	79	82	81	81	75	77	67	71	73	74	75	74	72	61
328	96	90	92	88	89	90	80	84	86	86	84	85	85	87	83	79	82	87	87	87	86	89	84	83	82	81	86	86	89	84	85	81	80	86	86	89	87	85	85	80	78	84	85	86	86	85	84	79	74	74	79	80	82	80	79	73	62	73	70	79	77	75	74	69
328	93	84	87	85	84	87	83	83	89	86	83	89	86	87	86	78	86	85	87	87	87	87	84	85	81	83	89	89	87	88	84	80	83	82	85	84	85	85	86	77	77	83	82	85	85	86	83	80	75	75	78	82	84	77	77	73	67	73	70	76	75	70	74	69
328	89	91	88	87	86	85	79	79	87	85	86	87	88	87	84	80	86	85	84	87	85	86	87	81	79	80	84	85	87	84	85	79	82	83	87	86	91	85	85	80	77	82	83	85	84	84	85	81	69	78	78	83	78	77	75	73	67	71	75	73	77	71	73	65
327	92	92	86	87	86	87	80	81	87	86	89	83	87	86	85	83	82	84	84	88	86	85	85	82	80	83	86	85	87	86	82	82	85	86	86	87	86	86	86	82	75	79	81	82	82	83	79	79	72	74	77	81	80	79	77	77	60	72	72	74	72	74	70	64
328	94	88	88	88	85	85	85	79	85	86	86	86	86	84	85	79	83	86	86	85	84	84	85	83	84	83	86	87	86	83	85	82	81	87	83	86	87	85	86	76	74	78	82	83	84	85	81	77	74	73	78	83	81	77	74	73	62	70	70	77	71	73	70	72
329	94	92	88	90	86	84	84	80	89	85	84	85	88	90	87	85	80	86	86	85	86	87	84	81	86	83	85	84	88	87	84	81	80	82	82	85	86	84	85	79	74	80	80	83	84	85	79	79	77	78	79	83	80	79	77	73	67	72	68	78	75	73	69	69
328	91	89	87	87	84	87	80	78	88	84	86	86	86	89	88	81	84	86	85	84	88	87	87	80	81	83	86	85	84	85	81	79	81	85	86	89	85	85	83	79	79	79	81	83	84	82	81	77	73	74	77	82	82	81	78	72	64	67	71	76	73	69	72	65
329	92	89	88	84	82	84	82	81	85	83	87	86	88	88	86	80	82	85	85	85	84	86	85	79	84	83	85	83	86	82	83	80	82	84	86	84	85	87	86	83	78	79	81	82	84	81	83	79	74	75	78	82	83	77	76	75	63	70	69	73	76	68	71	64
329	90	87	89	83	84	83	81	84	89	87	89	85	88	88	83	80	84	83	88	85	87	86	83	82	82	81	85	86	86	86	82	80	78	84	82	83	84	82	82	79	81	78	83	86	82	87	82	79	74	74	73	80	79	77	77	72	72	73	73	75	78	74	71	68
328	97	90	88	86	85	85	80	79	86	84	87	87	89	85	86	79	81	88	89	90	87	85	86	83	83	83	85	84	87	86	84	83	80	81	85	85	88	86	85	81	80	80	82	85	86	84	82	77	77	78	78	79	80	78	76	72	61	74	68	76	75	71	71	70
329	97	88	91	88	86	84	87	78	91	85	86	88	87	86	84	78	83	86	86	86	86	86	86	79	87	82	84	84	87	87	85	81	80	85	85	86	88	85	83	81	78	76	85	82	85	85	83	78	74	74	79	82	80	78	79	76	61	73	67	76	71	75	68	74
329	93	92	90	90	88	85	81	83	88	86	88	88	89	85	87	82	83	86	85	87	86	87	83	83	81	82	85	86	87	87	84	82	83	83	85	86	85	84	86	78	78	80	83	83	85	84	87	78	73	75	79	81	80	80	76	73	67	68	74	76	74	73	71	67
329	93	88	94	86	86	83	84	78	90	85	87	86	88	89	86	80	83	84	84	88	87	87	83	82	81	79	86	87	86	86	84	80	80	82	85	87	86	86	83	81	78	80	84	86	81	83	82	78	77	77	82	84	82	78	78	74	67	71	73	80	76	72	75	68
329	94	89	88	85	86	85	82	81	87	85	87	85	88	87	86	80	81	86	87	86	85	88	85	80	81	85	85	87	89	87	83	81	83	85	86	86	86	87	83	78	80	81	83	85	87	85	83	80	74	74	79	81	81	79	75	73	66	72	72	77	77	76	73	64
329	92	92	85	88	84	89	80	82	87	87	87	84	86	90	84	81	82	87	87	88	85	85	85	83	81	82	88	86	86	85	86	82	82	84	86	86	85	86	83	80	78	84	84	86	86	87	84	79	78	73	77	81	81	77	78	74	64	72	68	77	77	69	74	66
329	93	89	89	87	82	87	84	83	88	84	84	86	84	87	84	82	84	86	86	88	85	84	84	84	84	82	85	87	85	86	85	80	80	86	86	86	87	85	86	82	85	83	83	84	86	87	82	80	72	77	81	84	83	80	75	76	65	70	70	72	75	71	72	64
329	94	90	87	89	87	87	84	80	88	85	85	87	85	84	87	81	81	85	90	86	84	86	87	84	81	84	86	87	89	85	86	80	79	84	86	86	85	84	83	78	79	80	81	85	84	86	83	82	78	78	79	85	81	80	75	78	64	69	68	74	73	72	69	64
330	94	88	90	86	85	85	81	82	85	87	85	88	86	89	86	83	82	88	86	87	85	86	86	85	84	82	86	85	88	85	82	78	82	86	87	85	86	86	85	82	80	79	84	85	85	86	83	78	80	75	79	82	82	78	81	73	66	69	66	75	75	74	71	68
329	94	91	89	88	87	88	85	82	85	85	84	88	84	88	86	81	82	86	84	85	87	87	83	81	83	83	86	87	85	86	84	80	80	86	86	86	85	87	88	84	78	81	86	82	85	85	84	79	79	76	80	83	82	80	79	75	66	70	71	75	76	73	70	68
330	92	89	87	86	87	86	85	78	85	85	84	89	86	89	84	83	81	87	86	89	87	87	86	85	82	82	86	87	85	84	85	81	81	84	82	85	86	85	86	80	75	79	84	84	85	82	81	79	73	78	78	82	78	78	77	76	61	72	74	76	75	74	71	68
330	94	93	88	88	85	87	82	85	83	86	86	87	85	87	83	81	83	88	86	88	85	88	85	79	82	81	87	86	89	84	82	80	81	82	84	84	87	82	86	79	77	80	84	86	84	85	82	83	74	74	78	79	80	78	77	72	66	71	70	74	73	70	72	66
330	91	88	92	85	85	84	82	79	87	82	82	90	86	86	84	81	84	85	86	91	87	84	84	85	80	83	84	84	88	83	84	83	80	86	82	87	87	86	85	83	74	83	85	84	83	86	82	80	72	75	80	82	79	81	75	75	66	73	68	73	75	70	71	67
330	91	91	89	87	83	87	80	81	85	86	87	84	86	87	83	84	84	81	85	85	87	87	86	82	83	82	84	81	88	83	84	77	81	83	84	87	86	86	84	81	79	79	83	83	85	86	83	77	75	75	76	84	80	79	78	74	63	73	69	76	73	75	70	68
330	93	87	89	86	83	85	82	85	84	86	86	87	86	86	84	84	82	82	86	88	85	86	84	83	85	83	88	85	87	83	84	79	79	80	90	87	84	85	84	80	77	79	85	82	82	87	82	80	73	78	76	83	80	78	78	76	66	69	72	74	76	70	68	63
330	90	88	88	85	85	85	81	81	86	85	86	85	84	88	82	78	81	85	86	85	87	86	85	79	80	84	87	85	85	85	81	78	82	82	85	84	88	82	83	79	76	82	81	83	86	81	81	78	69	75	76	81	78	80	76	74	67	71	72	74	74	74	71	67
330	93	88	85	86	83	85	83	81	90	87	88	86	86	88	82	81	77	86	84	90	83	89	80	83	84	82	84	87	88	85	83	83	81	81	85	84	89	84	83	78	75	80	84	86	81	85	81	80	77	73	80	82	81	80	81	72	65	68	70	75	76	72	75	68
330	93	89	90	86	83	88	83	84	89	84	86	85	88	87	84	80	81	85	86	89	88	86	86	81	83	82	85	86	87	88	82	81	78	86	82	87	86	83	86	81	79	83	82	83	85	83	84	80	74	75	79	80	82	80	78	74	67	69	75	70	73	71	70	63
330	92	90	90	90	85	84	81	85	85	84	87	87	85	88	87	83	84	87	88	90	88	88	85	82	81	79	84	86	88	84	84	79	82	85	83	85	86	83	85	81	80	81	82	85	84	87	84	79	74	75	75	82	78	79	79	73	65	74	71	75	74	72	74	67
330	93	90	88	87	85	85	80	80	85	85	88	88	89	88	88	82	80	85	85	86	85	86	84	82	81	83	87	87	86	85	83	79	81	85	86	84	86	86	83	80	79	80	86	80	85	82	85	74	77	77	80	81	81	80	80	73	67	76	70	74	79	72	74	67
330	94	88	91	87	85	82	87	82	88	88	88	88	88	90	85	83	83	86	86	90	86	88	84	83	82	82	86	85	88	86	84	80	78	84	87	87	85	83	85	80	79	81	83	84	82	86	83	79	78	75	81	82	83	80	76	72	65	71	72	75	76	74	76	66
330	92	89	89	86	85	83	82	81	88	86	86	89	86	86	85	79	81	84	86	88	85	85	87	83	80	81	87	86	89	88	83	81	83	87	84	86	87	84	83	83	75	81	82	82	84	82	81	79	79	74	78	79	80	80	76	75	63	72	71	77	74	72	75	70
330	95	90	88	87	86	86	83	81	87	83	91	89	87	90	84	81	80	85	84	86	87	89	87	85	81	83	83	84	86	82	84	79	80	84	87	86	86	85	82	80	77	79	82	86	86	84	82	81	73	72	79	79	79	80	77	74	63	70	69	75	70	71	70	67
331	92	90	88	86	85	86	82	78	88	86	86	88	86	91	83	82	83	85	86	91	87	86	85	82	84	83	86	87	88	84	83	81	81	83	86	85	87	83	85	81	79	81	81	85	83	84	81	75	77	75	80	85	82	81	78	76	67	71	72	76	78	73	72	67
331	90	86	87	88	84	84	79	80	90	84	89	89	87	87	87	81	81	87	88	88	87	89	85	83	81	80	86	85	87	84	85	80	81	82	83	85	87	86	86	79	77	82	82	82	85	85	82	79	76	74	79	81	84	79	78	76	70	72	70	77	78	74	71	70
331	97	86	88	89	88	88	83	82	84	86	84	89	87	90	82	80	81	84	86	87	90	85	86	78	81	80	85	88	85	84	86	83	83	85	87	86	84	86	86	82	76	79	84	83	85	85	83	79	75	77	81	84	80	78	75	72	60	67	69	76	75	71	72	64
331	95	90	90	86	87	85	82	81	88	83	86	88	88	86	87	78	80	83	86	88	85	87	85	85	84	83	86	89	89	86	85	80	81	87	84	85	87	86	85	79	77	81	85	84	86	86	81	76	78	76	79	83	83	80	78	76	69	74	73	77	76	69	75	67
331	93	89	88	88	85	89	81	84	86	83	86	87	84	87	86	81	83	87	85	88	86	87	85	81	79	82	84	86	86	85	82	79	85	84	86	84	89	86	85	82	77	80	82	87	84	84	82	81	74	76	80	84	82	79	79	76	64	71	70	77	72	74	74	67
332	90	89	88	87	85	87	78	81	91	88	87	89	89	91	88	85	85	85	85	87	88	87	84	81	85	83	84	87	87	86	87	82	83	82	86	86	84	85	81	75	74	82	83	82	83	84	82	75	72	74	77	82	82	79	77	78	68	68	69	74	72	75	72	72
332	93	90	90	89	88	87	83	83	87	85	86	87	88	88	88	81	84	82	86	86	86	84	85	80	81	84	85	87	87	83	85	81	82	87	86	87	86	86	85	81	79	85	83	81	87	85	83	80	74	77	79	84	80	80	77	77	67	71	71	74	74	71	72	67
332	91	87	88	86	82	83	84	81	88	86	89	88	85	89	85	83	82	86	86	87	85	86	86	82	84	83	85	85	86	85	83	79	81	82	84	86	86	87	88	81	78	79	84	83	86	84	83	77	78	77	78	83	83	76	80	73	66	72	70	75	78	76	73	67
331	92	92	90	85	86	85	83	83	88	87	86	89	88	91	85	83	83	87	87	88	86	86	88	82	83	82	85	88	88	86	87	82	82	84	86	85	86	86	84	80	77	79	81	84	83	83	81	81	75	77	79	79	81	77	79	76	69	70	72	72	76	70	70	65
332	92	89	88	87	84	88	80	81	85	85	85	90	85	85	85	80	81	85	88	87	88	87	83	83	79	82	85	87	88	86	83	79	82	83	84	88	83	85	86	83	78	82	85	84	84	84	83	78	78	75	77	85	83	80	80	73	63	71	72	76	74	74	72	69
332	89	92	89	86	87	87	82	80	84	86	84	87	83	86	86	76	80	83	86	85	87	89	84	82	79	85	87	84	85	85	82	82	81	86	87	86	87	86	86	82	75	81	83	84	84	85	82	77	76	77	78	80	81	79	78	76	69	65	72	76	74	72	74	64
332	92	90	87	90	86	88	83	82	90	83	84	88	86	89	85	79	82	86	86	86	87	88	86	81	82	85	87	87	87	85	87	82	82	84	85	90	88	85	81	79	78	82	85	84	84	85	83	79	75	76	80	83	84	79	77	76	66	69	70	76	74	71	72	65
332	95	86	87	88	86	89	80	81	89	85	86	88	87	90	86	81	82	85	86	85	87	87	84	81	81	84	84	87	88	87	84	80	81	85	88	87	85	86	86	79	77	82	83	83	86	85	83	78	73	76	81	84	79	82	78	75	69	75	70	78	73	71	75	68
332	94	89	91	88	85	85	82	83	88	87	88	89	85	87	84	79	80	86	85	87	86	88	84	83	81	86	83	87	91	87	86	80	80	84	84	86	89	85	84	83	78	81	84	85	87	84	84	78	75	78	80	83	81	83	78	73	64	70	71	75	72	71	73	64
332	91	92	87	88	84	86	77	81	88	83	85	86	86	91	85	80	83	87	84	88	87	87	84	83	83	83	86	87	88	83	87	83	83	87	86	87	87	86	84	79	75	81	84	83	87	85	82	78	75	75	78	82	81	80	79	77	67	70	72	77	77	75	77	71
332	91	89	89	89	86	85	82	85	88	84	86	88	87	85	86	82	83	85	86	85	86	86	86	81	81	82	85	86	87	86	83	80	78	86	86	83	86	85	83	81	78	81	85	83	86	84	82	80	74	79	77	78	82	80	76	74	62	69	71	75	74	73	75	66
332	92	89	91	87	83	84	82	81	87	86	84	88	87	89	82	83	81	86	85	87	86	89	87	80	79	84	86	88	84	84	86	84	83	82	85	85	87	85	85	78	82	77	84	83	85	81	84	77	74	76	80	84	82	81	77	75	65	70	70	75	71	69	73	66
332	92	89	89	86	83	85	84	83	89	85	85	85	86	86	88	81	82	85	88	87	86	87	85	80	82	80	83	85	88	86	85	79	84	83	85	88	89	86	84	83	74	79	83	84	84	84	82	79	75	78	79	83	82	80	77	76	64	70	72	77	70	72	69	68
332	90	88	90	85	84	84	83	82	88	86	82	88	83	87	83	79	83	84	88	85	86	86	84	82	78	84	84	85	87	82	85	81	82	83	83	84	86	87	85	79	75	83	85	85	84	84	81	79	79	74	79	83	80	80	75	74	65	69	75	74	77	72	72	68
333	92	87	89	90	84	86	83	85	83	88	85	87	85	87	84	79	80	84	87	89	84	90	85	86	87	84	89	85	87	85	84	83	82	82	89	86	88	82	85	81	80	83	84	85	83	84	81	78	76	79	77	82	82	81	78	74	67	66	68	71	75	74	76	65
332	96	89	90	85	85	88	83	84	86	87	84	86	85	87	83	81	81	87	85	88	87	87	83	85	82	81	87	81	88	83	87	80	82	85	85	87	87	85	84	81	78	81	85	83	84	84	83	74	72	76	77	81	82	77	78	74	63	71	69	75	74	71	75	68
332	94	89	86	87	84	80	81	81	87	85	86	84	88	87	83	79	83	86	85	89	86	86	87	85	85	78	83	82	87	83	85	81	82	84	83	86	84	85	81	82	78	78	82	82	82	82	80	79	74	73	78	80	80	77	77	71	69	71	71	75	71	72	74	65
332	95	86	86	86	84	86	80	81	85	85	84	88	85	89	84	79	82	85	83	88	85	87	82	79	80	80	84	83	85	83	83	78	80	84	83	86	86	85	82	82	78	79	86	82	86	83	83	79	72	73	75	80	79	80	77	75	61	66	74	76	70	72	71	65
333	90	90	91	84	84	85	81	82	89	87	85	87	87	86	84	78	77	85	87	86	86	86	85	82	81	84	85	82	87	83	85	78	82	85	84	84	87	80	83	81	76	81	81	83	84	82	80	79	78	79	77	80	83	80	79	76	68	66	74	75	75	73	77	64
333	95	90	88	87	86	83	80	80	90	85	85	88	85	87	83	81	84	82	84	85	84	87	85	80	83	82	85	83	86	83	84	80	80	80	82	83	85	80	84	81	77	81	80	84	86	82	82	74	71	76	76	76	78	78	76	74	64	68	70	75	76	75	71	65
333	94	89	87	86	87	85	81	81	86	86	83	85	85	88	83	81	84	83	85	86	84	85	87	78	78	81	83	87	85	86	81	82	77	85	85	85	85	87	86	79	76	80	85	80	84	79	82	76	77	74	78	79	81	79	78	73	65	74	71	71	75	75	69	64
333	92	88	89	87	87	86	80	81	89	87	85	86	85	91	86	80	80	84	84	87	84	85	85	80	81	82	85	87	84	85	83	82	79	80	85	84	85	83	82	79	78	78	84	83	85	84	81	76	74	76	78	82	81	77	77	76	65	73	74	74	73	71	70	71
333	95	87	89	82	85	84	81	82	90	86	85	84	88	85	85	81	77	83	85	83	84	87	82	80	80	83	83	82	84	87	83	81	78	83	86	84	86	84	83	81	75	78	81	80	83	80	78	74	75	72	79	78	82	77	80	74	63	68	68	71	72	76	73	67
333	87	85	88	84	83	85	82	78	88	82	87	88	85	87	86	78	81	83	85	87	83	86	84	81	79	82	87	85	89	85	84	79	81	85	83	84	86	84	86	82	77	77	85	82	84	84	80	77	74	74	79	83	79	79	75	77	67	68	70	77	73	73	71	68
333	91	86	87	84	85	85	80	82	86	86	84	86	84	85	83	79	80	83	83	85	81	84	83	81	82	83	86	83	86	82	83	78	82	82	84	84	84	83	84	78	78	78	80	81	85	82	80	76	72	75	78	84	79	80	79	76	64	67	71	73	75	75	69	70
333	86	86	85	86	87	84	80	79	89	83	85	87	87	86	83	82	79	84	87	85	85	85	83	82	79	81	84	84	88	84	80	78	82	81	84	83	86	86	81	78	73	78	80	82	80	85	81	80	73	73	78	82	79	77	76	76	63	65	67	76	72	71	71	66
333	92	85	89	89	85	84	80	78	84	85	86	86	86	87	83	82	81	85	86	85	84	85	84	83	81	79	83	84	85	84	82	80	81	83	85	83	85	83	82	79	76	77	82	82	81	83	80	80	73	72	78	80	78	75	78	72	61	70	68	75	72	70	72	70
333	89	84	85	83	86	80	82	76	88	82	84	86	85	85	86	82	81	83	85	85	84	86	85	80	81	79	83	84	86	81	86	82	78	83	85	81	86	82	82	78	75	81	83	84	83	82	81	80	71	73	81	76	80	77	78	69	65	64	72	75	76	69	73	62
333	89	89	88	86	83	85	79	76	85	86	82	85	85	88	80	79	85	82	84	84	83	84	82	80	80	81	83	85	84	82	82	82	80	83	81	82	81	82	80	81	75	80	83	82	82	82	80	78	72	73	79	80	76	78	74	72	65	67	71	72	72	73	73	64
333	93	92	85	86	85	83	81	81	85	84	88	88	85	87	84	81	83	86	83	84	83	84	84	80	81	79	84	82	84	83	84	82	80	83	82	85	84	82	83	78	76	78	79	82	79	82	81	78	72	76	75	82	78	79	75	74	63	71	68	74	75	72	73	68
333	92	88	86	85	83	85	80	82	81	83	86	87	83	88	80	81	84	82	86	82	84	87	82	80	84	80	83	83	84	83	82	83	78	83	84	86	84	85	81	80	76	80	82	81	84	84	80	79	75	75	78	80	76	80	76	75	63	68	67	75	72	74	70	63