Two peopke, three feet away
==========
437	85	83	80	81	76	76	75	78	81	77	79	78	79	81	77	73	78	81	90	84	76	78	77	78	81	79	99	88	78	82	88	75	87	87	105	87	79	85	96	79	84	87	89	84	81	89	96	86	79	83	85	83	81	88	88	85	73	81	75	81	86	86	86	80
437	82	80	79	76	74	73	74	75	84	81	77	78	78	80	74	77	77	82	89	84	78	78	78	74	80	82	101	90	78	89	83	76	81	90	103	89	80	93	88	81	78	86	92	88	83	91	91	80	79	79	87	85	85	83	87	83	76	80	81	81	88	85	84	78
437	86	80	79	78	77	79	71	72	83	80	81	80	79	77	74	76	81	83	83	85	80	80	75	79	81	80	99	87	79	91	79	73	79	84	104	90	81	97	85	74	74	82	88	82	86	95	86	75	80	83	83	85	91	89	86	80	71	74	76	82	89	82	83	72
437	84	80	80	79	75	75	73	73	84	84	81	81	77	80	78	74	82	81	91	84	77	76	77	78	79	79	100	87	82	87	79	75	83	85	103	87	87	102	81	77	77	86	90	86	90	95	88	75	76	83	86	83	89	89	87	78	69	82	79	81	89	85	85	72
437	85	81	77	77	76	76	74	73	83	76	77	77	77	80	72	74	79	81	90	84	79	78	75	76	75	80	98	83	79	84	79	75	78	88	106	84	89	98	81	74	77	84	89	83	89	94	88	73	78	83	85	86	92	89	84	72	74	75	77	80	86	85	81	71
437	83	77	82	80	75	77	74	75	84	78	82	78	78	78	76	72	79	80	97	81	77	76	79	74	80	81	102	84	81	79	74	73	81	90	98	89	92	93	75	75	78	82	90	84	92	93	86	76	76	83	81	83	89	91	86	76	68	76	78	80	88	85	85	72
437	84	77	83	77	77	77	76	74	81	80	80	76	79	76	77	70	78	81	96	84	77	77	79	72	75	80	104	80	81	78	75	73	78	87	100	84	90	91	75	74	76	84	86	83	90	90	84	73	76	80	85	82	87	87	86	74	65	77	79	79	83	83	83	74
437	89	82	83	77	78	75	72	74	82	75	79	79	76	78	72	72	79	80	95	83	77	78	75	72	81	80	104	81	89	85	75	75	82	86	99	86	91	92	80	74	77	86	87	85	90	93	85	72	77	82	82	83	86	86	85	76	72	76	81	81	83	86	85	71
438	85	79	82	78	79	73	75	74	84	82	81	79	74	77	76	70	78	78	94	85	76	76	75	75	76	80	103	83	88	91	76	73	82	86	99	88	85	97	83	77	75	85	84	84	87	95	90	75	73	81	83	85	88	88	90	81	75	76	79	79	87	83	88	71
437	88	77	79	77	75	73	71	73	85	77	83	80	78	78	80	75	79	83	95	85	74	79	76	75	78	78	102	83	87	96	77	72	80	86	98	88	80	99	83	77	78	85	85	83	89	89	91	80	75	82	81	84	86	90	89	76	68	74	77	80	86	87	83	73
438	82	84	79	79	74	78	70	72	86	79	78	80	77	79	77	75	76	81	95	87	77	81	78	75	79	81	101	85	80	96	81	74	78	84	100	88	80	97	88	78	79	82	88	86	89	91	90	79	77	82	80	83	89	89	86	81	71	78	75	80	87	84	84	77
437	81	77	75	78	74	77	71	71	80	75	79	77	77	79	77	71	78	83	93	89	77	80	79	77	79	81	100	85	79	97	84	75	81	86	98	90	79	94	90	78	77	88	87	82	86	90	90	78	76	83	83	80	86	87	84	84	70	75	77	78	85	84	79	76
437	88	77	78	78	75	76	74	74	82	78	80	78	75	79	75	73	79	83	85	89	75	80	78	77	76	74	98	96	78	83	88	74	77	86	103	99	81	85	98	78	77	86	91	86	84	87	90	80	75	84	83	83	86	87	88	82	70	80	77	81	80	85	83	79
438	85	80	80	79	76	74	73	75	80	77	79	81	81	80	78	73	79	79	84	84	79	79	76	72	77	80	100	93	79	84	90	76	77	88	108	95	77	85	99	77	74	90	92	90	83	91	94	87	73	83	84	88	84	90	88	84	72	81	77	80	82	88	82	77
438	84	81	78	75	77	76	75	73	80	78	74	80	76	77	74	75	77	78	84	84	77	77	76	73	76	77	98	92	75	79	81	77	76	85	106	94	75	86	95	79	76	86	93	87	81	90	93	87	79	84	84	84	80	88	87	80	68	81	78	82	81	86	80	77
438	86	79	79	78	74	78	72	73	79	81	76	79	75	79	77	74	79	80	83	81	75	76	74	78	81	78	101	92	78	83	81	74	79	83	103	89	80	90	91	77	77	82	95	89	83	91	92	79	75	80	87	85	82	87	87	80	69	76	80	79	79	85	82	76
438	83	79	79	77	77	76	73	73	81	79	75	78	79	78	77	73	79	79	79	80	76	81	76	76	77	79	99	89	76	83	75	74	79	85	101	91	78	100	81	77	75	87	102	93	86	97	88	81	77	83	90	86	86	91	89	78	74	79	77	85	85	86	85	74
438	83	77	80	80	74	80	74	76	82	77	76	74	78	78	77	69	80	81	80	79	77	79	76	73	76	80	97	90	81	81	74	71	80	83	101	89	87	93	81	75	80	86	105	94	90	95	88	75	80	85	88	87	88	90	87	74	71	80	79	81	86	85	85	71
438	82	80	82	76	70	77	73	72	83	76	78	80	77	77	72	75	75	78	77	80	76	75	74	73	78	79	99	91	83	82	78	74	79	86	100	91	93	91	77	74	77	85	105	92	94	92	82	76	80	81	90	87	91	91	87	74	71	80	83	79	88	86	85	69
438	83	79	81	77	75	77	76	69	82	75	79	81	79	76	74	73	75	78	82	77	79	76	77	72	78	78	97	87	82	79	76	72	81	84	102	90	93	92	79	75	71	84	105	92	91	95	86	73	73	86	89	86	91	87	86	73	73	78	82	82	89	83	84	71
438	85	79	80	80	80	77	74	72	83	81	78	78	78	77	76	71	76	82	79	78	74	79	78	75	78	80	99	87	78	85	78	73	79	83	102	88	84	99	79	75	77	85	104	90	88	97	89	77	77	85	88	86	88	88	83	70	69	81	76	83	89	86	86	71
438	84	81	80	78	73	78	70	74	80	79	75	81	78	79	77	72	76	76	77	77	72	78	75	73	79	80	102	84	79	84	78	75	80	86	103	88	81	96	84	78	81	88	102	90	83	93	87	78	83	83	85	85	86	87	90	77	74	80	78	86	84	86	87	74
438	81	77	79	77	75	77	73	70	84	77	77	78	75	79	75	74	78	79	81	75	76	78	76	73	77	80	102	83	78	81	85	75	81	84	102	86	79	83	98	74	75	86	99	90	78	89	91	83	79	83	87	85	79	86	87	81	75	78	82	80	77	87	86	74
438	82	82	79	78	75	75	73	73	83	80	81	76	76	78	75	71	74	78	83	82	75	79	74	76	77	81	101	85	79	77	84	71	82	87	105	86	79	80	100	80	79	84	101	88	80	86	94	84	76	85	89	85	79	88	84	85	70	82	76	82	78	83	80	77
438	85	80	81	76	77	75	73	73	84	79	79	79	76	78	77	73	79	76	82	82	74	75	74	75	79	79	103	87	77	77	81	75	78	85	104	85	77	76	97	77	82	85	101	90	80	88	96	84	82	85	89	85	81	88	90	84	70	78	79	82	78	84	79	76
438	85	79	82	80	76	81	74	74	82	78	74	81	78	76	78	72	77	77	80	80	76	77	75	72	74	80	104	84	79	77	85	72	77	84	105	87	78	81	98	75	78	84	100	90	82	90	96	81	76	83	85	87	80	89	84	80	72	76	79	78	81	84	87	74
438	84	77	79	78	76	74	70	71	82	78	78	79	74	76	74	72	80	78	81	79	76	77	77	73	77	80	104	88	77	79	83	75	80	85	102	89	80	88	92	73	76	87	102	88	82	92	92	80	78	83	87	85	85	87	88	79	73	75	80	81	86	85	86	76
438	85	77	79	77	75	74	72	74	82	76	78	77	74	81	74	71	74	79	78	77	74	77	75	76	81	78	103	88	77	82	79	75	81	86	105	87	78	94	85	73	77	87	100	88	88	94	91	79	79	86	87	83	89	87	86	75	74	77	79	80	93	83	87	71
438	80	78	80	74	73	75	71	78	83	75	76	75	78	76	75	69	77	77	81	80	75	76	74	74	79	79	100	86	79	86	79	72	78	83	105	88	81	93	80	70	77	86	101	89	85	95	92	73	77	83	86	84	85	88	85	73	74	75	81	84	88	82	85	69
439	85	80	77	78	76	75	72	76	81	81	77	82	76	79	76	72	79	78	81	82	80	79	77	73	78	79	101	84	80	87	77	72	79	85	104	88	80	100	80	73	76	85	100	89	91	95	88	81	77	84	85	85	87	86	85	75	65	79	79	79	86	85	84	67
438	80	81	81	81	76	72	71	74	81	77	75	77	78	80	77	71	81	82	82	80	77	76	77	77	79	84	102	84	78	90	80	75	81	86	106	88	82	99	81	76	78	84	100	91	89	96	88	77	83	83	86	87	88	90	89	75	68	78	77	81	86	86	83	72
439	85	82	81	78	79	75	74	73	84	79	81	78	75	78	77	72	81	81	87	82	77	79	78	74	78	83	99	86	77	87	77	77	79	90	107	86	79	99	84	76	77	86	96	87	86	98	89	78	76	85	85	85	88	90	90	71	71	81	78	83	89	83	82	72
439	84	79	78	80	75	77	75	76	82	78	77	79	77	78	75	73	74	84	91	82	76	77	74	77	82	84	104	88	80	82	84	77	79	84	108	88	76	86	93	74	74	88	92	86	80	90	91	79	76	83	82	85	81	92	88	79	68	77	79	81	83	85	80	73
439	88	79	81	78	77	78	75	75	85	78	77	81	77	77	76	68	80	80	97	85	77	78	77	72	79	81	99	82	79	76	83	77	81	87	103	88	81	82	97	76	76	90	89	87	82	89	93	83	80	81	85	83	81	89	88	81	70	79	77	82	80	87	84	75
439	84	79	82	78	74	79	73	73	83	84	79	81	74	82	75	73	76	82	98	84	75	76	75	72	78	79	105	80	79	75	82	74	80	86	97	88	79	81	101	78	78	86	87	83	79	88	94	85	76	81	87	83	81	89	88	82	71	76	76	80	78	87	83	79
438	84	80	82	81	79	75	75	74	83	79	81	83	77	81	76	75	81	80	98	87	77	77	76	74	77	81	103	83	79	76	83	73	80	88	97	91	82	83	101	79	77	88	90	85	86	88	95	83	76	80	81	83	83	89	86	85	68	76	79	80	84	87	82	75
439	82	84	79	79	79	79	75	76	85	78	82	79	77	79	77	72	76	83	97	86	77	77	78	76	79	78	100	88	75	78	84	73	77	87	95	93	81	82	96	77	78	87	87	84	84	90	92	84	76	80	78	82	84	89	86	81	64	75	75	81	82	86	81	74
438	85	81	82	78	75	76	73	73	85	81	83	83	77	79	75	71	77	85	99	90	74	79	78	74	78	80	98	87	77	83	83	73	79	89	97	91	82	89	90	75	77	86	87	86	84	92	88	79	74	78	82	82	83	89	86	77	71	75	75	79	85	84	83	70
438	83	76	79	79	76	76	74	70	82	78	75	78	75	77	72	76	81	80	92	87	73	76	75	77	78	79	100	86	80	86	76	77	80	84	99	90	78	99	85	73	75	86	87	87	88	99	90	75	77	80	84	83	85	90	87	74	68	79	77	80	82	83	85	74
439	85	78	78	78	74	76	74	72	85	78	79	76	77	75	76	70	78	80	83	81	79	78	76	72	79	80	101	90	84	86	77	70	80	84	103	94	88	100	79	77	73	85	92	91	86	95	86	75	73	86	82	85	86	90	85	77	69	78	76	85	84	85	86	75
439	84	78	80	78	75	75	71	74	81	78	77	77	77	78	76	73	77	79	83	83	77	78	77	73	77	78	101	89	89	89	78	75	78	84	102	94	92	91	78	75	75	83	96	89	89	92	88	77	78	82	82	85	87	90	88	77	74	78	80	79	84	86	86	72
439	84	76	78	79	76	79	73	73	77	77	79	79	77	77	73	73	78	82	91	86	77	80	78	73	77	81	102	89	86	95	77	73	78	86	102	90	85	97	80	76	74	87	87	87	88	92	89	78	77	83	83	85	86	89	87	77	67	78	79	80	85	85	82	70
439	83	77	79	75	76	76	73	73	83	81	81	84	77	81	73	74	77	81	97	88	78	81	78	77	79	79	100	88	81	94	79	74	81	84	102	91	81	98	83	74	77	83	85	83	87	90	90	77	77	83	82	85	85	87	85	76	74	74	76	80	87	88	85	77
439	83	79	81	79	78	76	70	75	83	79	78	80	77	74	75	70	80	78	90	93	76	79	76	76	80	81	95	94	77	86	80	74	81	86	100	97	79	94	85	73	77	86	85	85	84	92	89	80	78	82	83	83	84	88	88	80	70	77	76	82	87	86	82	74
439	83	80	83	79	74	77	72	73	85	77	80	82	77	77	76	72	78	82	82	97	81	78	73	73	79	79	88	99	80	83	76	72	77	85	94	100	81	92	85	72	74	84	85	88	87	94	90	77	72	79	80	81	85	88	85	79	67	77	80	80	85	85	81	74
439	88	78	81	77	77	75	73	75	80	77	79	79	75	79	73	72	78	80	85	95	79	78	75	75	82	74	87	100	82	78	76	73	78	83	91	102	82	93	85	75	75	82	86	88	84	95	88	77	73	82	82	85	84	93	86	77	71	78	76	81	84	85	83	75
439	85	84	78	77	74	75	72	73	80	79	76	81	77	79	73	74	78	77	83	94	78	74	76	71	77	78	90	99	76	75	77	74	78	85	94	97	81	84	93	77	77	83	87	85	81	86	94	76	76	82	84	81	84	92	86	79	70	74	76	82	86	87	85	74
439	84	79	78	76	75	75	72	71	80	78	77	80	79	79	72	72	78	82	91	90	75	79	74	72	81	80	98	87	79	78	75	73	78	88	100	87	78	77	93	74	73	87	83	85	78	82	95	79	77	84	84	85	80	87	88	85	72	78	78	85	79	86	81	75
439	86	75	81	73	74	74	73	71	79	76	76	78	77	77	75	68	78	82	92	82	75	76	74	75	77	78	99	81	79	74	74	73	77	85	103	84	75	73	92	75	78	83	85	83	80	78	95	81	79	82	82	84	78	86	86	81	70	78	78	80	79	86	81	75
439	86	78	81	73	73	75	71	70	83	77	76	76	76	75	75	70	79	80	92	77	74	74	72	69	78	86	96	76	77	75	72	71	80	88	101	79	88	87	77	71	74	83	84	84	89	93	81	75	71	79	79	82	87	86	82	70	72	74	73	79	85	85	81	68
439	82	80	75	78	71	72	70	71	79	79	74	77	74	76	74	73	79	81	89	74	75	75	76	70	79	86	94	75	78	75	74	70	78	88	100	81	97	78	78	69	77	85	84	84	94	91	80	75	79	80	83	84	88	86	83	73	70	77	77	80	83	84	84	69
439	84	80	77	75	73	74	72	72	80	75	75	78	74	76	71	75	79	86	86	76	75	75	73	71	78	87	91	76	79	75	73	71	82	89	96	83	99	79	77	72	78	81	87	82	98	89	84	75	76	83	81	84	88	88	84	72	68	76	76	81	84	84	82	69
440	81	77	79	77	75	70	70	73	80	76	76	76	73	74	75	72	78	85	84	77	71	73	75	71	78	92	93	78	80	78	72	69	78	91	95	85	99	81	78	76	77	86	85	84	93	91	82	76	80	79	81	87	89	91	82	72	67	78	77	82	88	85	87	72
440	83	81	79	77	74	75	73	70	83	81	76	74	76	78	76	71	76	82	86	78	76	73	76	73	81	86	89	78	89	73	75	69	82	90	97	82	99	82	79	71	77	84	86	88	92	88	82	72	76	80	81	82	91	91	84	76	72	79	78	82	85	85	83	67
439	81	74	79	74	72	74	72	68	84	77	76	76	73	77	71	73	78	79	91	74	76	76	73	71	78	85	95	78	93	76	74	72	82	89	95	84	97	81	73	73	75	83	88	82	90	89	82	73	75	82	80	86	89	86	85	72	72	80	75	85	82	84	83	66
439	85	75	77	78	73	73	74	70	86	77	76	75	75	77	75	70	76	77	90	78	75	76	74	71	79	79	96	81	98	78	75	70	75	84	102	81	96	84	77	70	78	82	83	87	91	89	84	75	78	82	83	83	88	86	80	73	72	71	76	81	84	82	84	67
439	83	77	78	74	74	70	71	69	82	77	77	78	75	76	72	71	76	79	86	77	76	75	74	72	77	77	96	78	93	86	73	71	77	84	104	81	89	88	80	73	75	85	90	84	87	92	87	71	82	80	81	82	92	88	83	72	74	80	77	81	86	81	84	68
439	86	78	80	75	74	74	72	71	83	78	75	80	75	77	77	73	82	76	92	79	76	76	76	70	76	79	96	78	82	93	76	71	80	85	104	80	79	97	82	72	76	81	89	79	88	87	86	75	75	80	82	81	84	87	88	76	69	78	77	81	86	84	81	66
440	88	75	81	76	76	75	70	71	79	79	78	79	76	79	73	75	79	80	88	77	75	76	73	75	77	78	98	76	78	98	76	73	78	89	104	82	77	92	85	76	78	81	89	80	84	89	88	75	77	84	84	83	83	86	86	78	68	77	76	80	80	84	79	69
439	83	81	76	73	72	76	73	71	79	74	78	78	74	77	73	70	74	79	88	78	72	79	74	74	79	82	100	76	80	91	82	74	76	86	105	81	75	91	87	76	78	87	92	81	79	91	88	85	76	82	81	84	80	89	87	80	72	77	80	80	82	85	82	75
440	82	78	80	73	77	73	70	70	76	75	76	80	76	77	73	72	75	79	90	80	76	76	75	73	82	79	98	81	78	87	87	74	79	87	105	82	78	88	89	75	74	85	91	83	79	89	90	81	76	82	84	83	80	89	87	81	74	74	77	81	81	80	79	71
439	82	76	79	77	74	76	73	72	81	77	73	79	75	77	74	72	79	82	89	78	75	74	77	71	78	83	97	79	74	85	89	74	81	84	104	83	78	88	86	77	75	84	90	82	79	89	91	78	78	81	82	82	77	87	85	78	73	79	79	81	79	83	85	76
439	80	78	77	78	74	75	70	73	80	74	78	76	73	77	74	72	79	80	87	79	75	75	76	73	77	79	100	81	75	85	86	73	78	88	105	83	76	85	89	74	75	84	90	82	80	91	91	81	75	82	83	83	78	90	86	80	70	77	78	75	78	86	80	76
439	85	76	79	78	74	74	73	75	83	76	80	75	75	77	76	71	77	81	88	79	72	75	75	73	81	82	100	81	76	80	82	74	79	85	105	82	77	84	93	75	79	85	92	81	79	90	93	82	77	81	83	80	82	88	90	80	70	77	76	80	84	88	85	77
440	84	80	77	78	72	76	69	72	83	78	78	79	75	77	73	70	78	82	89	81	75	75	75	74	78	80	101	80	76	77	85	74	80	83	107	86	77	83	95	75	75	84	91	85	79	88	89	82	82	81	84	85	78	90	86	79	72	77	78	84	78	88	82	78
439	82	75	83	76	75	74	74	70	78	78	81	78	74	79	73	73	79	81	91	78	74	74	75	72	81	79	98	83	78	78	79	73	78	84	107	85	76	80	95	74	72	83	91	81	76	84	91	81	79	82	85	82	77	87	84	77	70	75	78	82	76	83	86	74
439	83	75	80	77	75	75	73	74	83	77	77	77	74	76	75	71	81	80	90	82	75	74	75	75	78	80	99	83	77	73	76	71	79	83	105	86	74	75	100	74	76	84	90	88	75	83	94	80	77	82	83	82	78	85	84	79	74	77	79	76	77	83	84	75
440	83	79	83	81	73	77	71	73	81	77	75	79	77	78	73	72	76	83	92	83	76	78	75	76	76	81	99	82	76	77	75	73	80	85	105	86	78	77	98	73	76	85	88	82	78	87	92	79	79	81	83	81	80	89	87	80	72	80	78	83	75	82	81	74
440	86	79	78	79	74	74	75	74	79	75	76	79	76	78	75	71	74	77	87	82	72	75	76	73	78	81	98	80	75	75	82	74	80	84	106	85	75	82	96	77	74	87	92	84	76	88	93	81	78	80	80	83	80	90	86	81	70	74	78	79	77	85	83	79
440	89	77	81	78	76	75	75	73	81	80	77	78	74	79	74	70	76	82	91	82	74	78	76	73	78	81	99	83	78	78	87	75	81	85	108	86	77	81	97	78	78	88	89	87	80	89	91	83	77	83	82	84	80	88	88	83	70	74	81	78	79	88	83	75
439	82	81	77	76	75	76	72	73	82	79	79	76	76	77	76	72	77	77	88	81	74	77	74	75	78	81	99	85	76	80	88	76	80	87	106	87	80	83	98	74	79	88	91	86	81	90	89	85	74	81	84	87	81	90	85	84	71	76	79	80	79	82	79	73
440	84	82	79	80	78	77	76	75	83	78	83	77	76	79	76	72	76	79	85	81	75	76	79	75	78	81	101	91	77	80	95	74	79	85	107	92	80	84	93	76	74	87	92	86	81	91	90	86	78	83	84	82	79	88	84	83	69	79	75	80	77	83	81	79
440	85	79	78	77	75	74	72	75	78	76	77	78	76	78	73	73	78	82	85	83	75	79	79	75	78	79	100	93	76	82	93	79	80	85	107	92	78	82	97	78	78	86	96	86	83	91	90	83	75	81	87	85	84	90	84	83	72	77	80	82	82	86	85	77
440	86	83	79	77	73	77	73	73	82	73	76	78	75	79	74	73	76	81	80	84	75	77	80	73	79	77	99	92	76	81	97	74	79	83	106	93	76	80	92	75	80	83	96	88	82	89	92	86	76	81	83	83	82	89	86	85	68	76	80	82	79	83	82	77
440	85	77	81	74	75	75	71	74	83	78	81	77	77	77	77	70	79	80	81	80	73	77	76	75	80	77	103	92	79	82	94	76	79	81	103	92	78	81	93	76	77	83	99	90	81	91	87	83	73	85	85	84	80	89	88	85	76	79	81	80	84	83	81	79
440	85	78	80	77	73	77	73	73	83	76	77	79	75	79	74	73	77	80	80	81	75	80	77	74	77	80	99	93	80	81	95	76	80	84	104	92	77	82	93	81	79	86	98	94	87	92	88	85	78	82	86	86	84	93	88	83	73	79	83	78	80	85	81	74
440	83	75	79	74	76	73	73	76	83	77	79	81	78	81	78	76	77	78	77	80	74	78	80	75	82	78	99	95	81	82	97	80	78	84	102	92	77	82	93	79	78	87	95	94	83	89	90	86	75	84	83	86	81	90	87	82	72	81	76	81	79	84	84	78
440	86	81	77	79	75	76	71	73	82	79	79	76	78	78	75	74	77	80	79	82	77	78	80	76	78	78	97	97	77	80	98	78	75	82	102	96	79	84	96	80	76	82	96	94	82	89	90	85	76	84	85	85	84	92	84	82	66	76	77	80	78	83	82	76
440	85	79	80	79	76	75	73	70	85	76	77	77	79	79	74	74	76	80	82	81	76	79	78	77	79	79	103	89	78	84	95	78	78	87	103	88	77	84	94	79	79	88	98	87	84	91	86	84	77	83	87	84	83	90	86	84	73	77	78	82	82	85	81	75
440	88	81	81	80	75	77	73	73	81	77	76	76	74	78	74	72	75	83	82	77	74	79	78	74	78	83	99	84	78	81	82	73	81	89	102	83	78	89	91	75	77	89	99	85	81	92	92	80	76	80	87	83	84	89	86	79	70	80	77	83	85	85	83	80
440	85	76	78	77	74	75	74	73	79	80	78	77	78	80	76	71	77	79	83	80	76	85	79	76	83	84	104	80	82	90	91	78	81	91	105	85	83	94	89	78	77	88	102	89	85	91	90	82	75	87	85	85	90	87	88	78	74	78	78	83	86	82	83	72
440	85	83	80	80	76	78	72	76	79	78	77	80	78	77	74	73	81	80	83	79	72	76	76	72	78	82	99	81	79	77	78	76	80	92	103	80	77	92	85	77	79	86	99	86	79	95	86	73	78	85	89	85	83	90	87	75	70	79	79	78	84	86	87	68
440	85	80	83	79	79	74	74	73	82	82	79	80	78	81	74	73	76	81	84	82	78	78	78	75	79	86	102	79	80	88	82	77	82	84	103	81	78	89	86	74	77	88	100	84	82	95	88	76	75	81	90	84	85	88	89	77	70	79	77	85	86	88	81	69
440	84	80	80	77	76	75	71	71	82	79	78	80	78	77	76	73	77	83	83	80	74	78	77	76	81	85	101	81	76	86	79	75	81	92	103	82	78	96	85	77	79	86	101	86	85	94	91	76	79	85	89	87	90	88	91	77	71	83	78	84	86	83	82	73
440	85	84	84	81	78	77	74	75	80	84	79	83	75	84	75	77	80	80	85	79	77	78	80	75	79	86	103	81	81	87	81	76	79	92	105	84	79	96	89	80	79	87	99	84	86	93	89	77	80	84	86	87	89	88	87	75	75	76	81	83	89	86	82	73
441	86	77	79	78	76	77	71	77	84	80	77	78	78	77	78	73	76	82	83	79	73	79	78	76	78	83	102	79	81	79	87	79	79	94	107	81	80	82	97	79	82	85	96	88	81	91	97	88	79	81	86	84	80	87	87	81	72	83	81	83	78	85	88	80
440	85	78	79	81	75	76	77	74	85	81	79	77	77	78	77	74	78	84	85	78	76	79	76	76	83	92	97	79	76	78	81	74	77	93	102	81	79	90	89	74	79	85	90	84	78	92	92	80	80	85	82	86	81	89	89	81	74	77	77	80	80	83	88	71
440	85	80	81	78	78	82	72	75	82	78	80	82	76	77	75	73	81	84	92	79	75	77	80	74	80	89	96	80	79	81	78	73	82	96	102	82	80	100	84	77	79	86	87	86	83	98	87	75	76	88	82	88	87	92	90	76	72	80	80	83	86	87	86	73
440	85	83	82	79	78	80	74	76	85	79	80	78	78	78	79	74	81	86	89	79	79	79	78	76	82	97	94	80	79	83	75	75	84	92	96	81	85	99	78	75	82	87	85	84	87	96	89	77	84	80	82	85	90	89	86	72	73	78	78	82	91	83	87	71
440	86	80	79	80	75	79	74	73	83	82	79	82	79	78	74	72	79	89	88	78	80	77	76	75	81	98	92	79	89	81	78	75	84	95	95	85	95	88	79	76	78	84	89	86	92	94	83	74	82	82	83	86	95	90	85	73	71	77	76	82	88	81	81	62
441	77	78	78	79	73	79	67	74	81	77	78	76	75	76	74	73	76	78	89	78	75	77	75	71	77	82	103	85	77	87	79	72	78	89	105	83	78	93	86	75	78	85	88	83	83	90	86	76	76	81	81	82	82	89	87	73	67	74	74	77	85	81	80	65
441	84	80	80	76	73	77	69	75	80	73	75	78	75	78	71	73	78	80	87	78	76	76	75	73	77	78	101	81	76	86	78	70	76	87	104	81	78	95	84	74	77	80	88	79	83	94	90	71	75	81	84	82	87	91	88	73	68	79	76	82	83	83	80	68
441	84	75	81	78	75	75	71	75	80	76	76	76	71	72	72	72	76	79	86	79	73	75	74	75	81	79	97	75	78	85	75	70	77	87	100	81	81	96	78	71	76	85	86	83	86	92	83	74	70	75	80	80	86	82	85	69	65	76	77	81	84	83	82	68
440	82	74	78	74	72	71	71	72	82	76	74	77	71	74	74	72	74	75	85	77	71	71	75	73	78	79	97	76	83	76	75	69	76	83	99	78	88	88	75	70	78	83	89	80	89	91	81	73	73	79	75	78	86	88	79	70	65	77	72	79	81	81	82	65
441	82	75	76	74	73	72	73	72	80	76	77	76	69	73	71	70	73	76	85	75	71	74	74	71	75	78	98	80	83	71	72	67	77	84	104	81	97	82	72	72	74	78	87	81	90	87	78	68	75	78	81	85	88	83	77	66	68	74	76	77	81	82	84	61
441	79	75	76	77	73	72	69	72	78	78	76	76	72	76	70	71	77	76	79	74	70	77	71	71	76	78	98	81	79	73	71	69	76	82	98	80	96	78	71	71	71	82	90	82	90	86	75	71	74	77	78	84	87	83	76	68	64	75	73	79	80	81	79	65
441	82	75	77	73	70	72	71	69	79	73	74	73	71	74	69	70	75	79	84	75	69	73	71	71	75	78	93	79	78	72	70	67	71	82	100	85	93	74	71	70	72	82	86	83	92	86	73	72	67	81	80	78	83	84	74	66	64	76	75	80	83	81	77	66
441	80	76	74	75	71	75	70	73	77	74	74	81	70	72	69	67	74	75	82	75	66	71	71	69	75	75	97	74	76	70	70	67	76	85	99	87	91	72	70	68	72	78	84	81	88	86	71	70	73	77	81	79	87	86	78	66	68	71	77	80	87	82	77	64
441	80	79	74	74	70	74	68	71	79	73	77	74	74	76	72	68	78	75	86	73	70	71	70	68	75	80	93	78	75	73	68	69	75	82	95	82	90	72	72	69	72	79	81	81	89	83	70	67	70	77	79	82	87	89	76	68	65	74	78	80	85	78	82	63
441	82	75	72	75	74	76	71	72	79	74	75	73	74	73	70	64	71	80	87	74	72	72	72	70	76	77	91	72	81	70	71	66	74	88	93	78	95	75	74	71	75	80	81	81	90	89	72	67	75	75	74	81	83	84	78	68	66	77	75	77	89	78	78	63
441	80	70	74	72	73	71	69	71	78	75	71	74	70	74	69	69	74	78	87	73	72	72	69	69	72	82	93	72	77	79	69	67	77	85	89	78	78	89	73	71	77	77	79	78	86	88	80	69	72	73	76	80	85	86	83	65	65	73	72	78	85	75	83	69
441	81	74	78	77	74	72	69	72	78	75	75	75	73	69	71	69	74	77	89	74	72	71	72	69	75	78	95	70	76	82	70	68	77	83	93	74	74	92	76	68	73	77	78	76	82	92	83	69	71	75	78	80	83	85	81	71	62	71	77	76	83	81	81	67
440	81	71	78	74	72	71	69	69	78	72	73	76	71	71	71	69	73	75	92	76	69	73	72	70	75	73	96	74	74	79	75	70	72	82	91	76	72	89	80	71	74	82	81	79	79	90	84	71	69	74	74	74	80	81	78	62	66	69	76	77	80	79	78	64
441	79	75	77	76	72	73	70	64	81	74	77	73	72	73	72	68	77	79	92	77	71	72	75	71	74	75	99	75	71	72	78	70	74	82	95	78	74	74	90	65	74	81	80	77	77	83	87	74	72	75	75	73	73	84	81	72	65	70	72	74	79	73	79	67
441	84	78	77	74	72	76	66	70	79	74	73	76	71	74	70	70	72	78	95	78	71	72	69	69	75	74	100	76	72	70	83	70	76	83	98	82	74	74	92	72	74	79	80	81	74	81	88	81	73	74	76	74	76	82	76	76	65	73	72	76	72	81	77	73
441	82	75	76	74	70	71	68	68	78	76	75	76	69	76	72	72	72	78	89	77	70	70	73	70	76	76	95	79	72	71	78	71	77	84	101	80	74	71	92	74	76	82	85	79	74	82	86	81	75	77	78	77	73	83	84	80	65	72	72	74	67	78	73	69
441	80	77	75	69	71	72	69	72	79	76	74	72	73	75	67	70	73	76	81	75	70	70	70	66	74	79	96	77	74	72	74	73	77	80	100	77	73	73	86	74	73	82	95	80	73	75	88	80	71	78	79	78	72	77	80	80	65	69	75	75	69	76	80	74
440	78	76	75	73	72	74	69	70	84	74	73	73	73	75	73	68	71	74	81	75	72	72	72	70	73	77	96	78	72	72	75	72	76	83	98	77	69	73	86	81	76	82	96	82	75	78	84	86	72	79	82	81	72	78	81	81	68	70	76	75	68	78	79	75
441	85	75	75	74	74	71	73	67	79	73	75	74	74	74	71	69	72	79	78	74	72	74	74	68	74	76	97	79	73	68	71	72	77	83	100	79	74	70	80	83	72	82	98	82	74	73	80	83	75	78	83	80	74	76	82	81	64	71	76	76	70	81	75	75
441	85	76	79	76	71	75	71	68	81	75	74	74	74	73	72	68	75	75	79	74	74	72	73	68	73	74	96	81	72	67	73	71	74	83	100	76	70	73	82	79	70	83	94	85	72	76	84	79	70	77	82	80	71	76	83	82	66	74	72	76	69	82	76	77
441	82	77	75	77	72	73	68	70	79	76	73	76	73	75	69	72	79	72	80	74	73	73	72	70	75	79	98	77	74	70	79	72	75	85	103	80	73	70	91	73	71	79	93	78	73	79	86	81	71	77	80	78	72	82	80	78	66	72	74	75	73	79	80	76
441	81	74	75	76	69	73	69	68	79	76	73	76	73	74	70	71	73	78	81	75	71	70	72	71	69	79	96	76	73	70	78	71	78	85	102	79	74	73	93	73	72	80	93	79	72	80	89	79	75	78	80	79	73	84	81	78	65	72	75	76	72	79	80	75
441	80	79	80	77	74	76	72	68	77	75	73	71	71	73	70	66	71	75	81	76	71	74	70	72	75	79	94	76	72	70	76	69	76	81	100	76	74	71	93	73	76	81	94	80	74	79	87	77	72	77	78	78	73	84	84	77	66	73	71	74	73	79	78	72
441	81	73	73	71	70	75	71	67	78	77	73	75	72	75	70	71	71	73	80	72	70	72	68	72	72	81	90	75	72	72	73	72	77	83	99	75	72	69	93	72	73	80	88	78	76	80	88	76	71	78	78	78	72	84	82	75	61	75	75	75	71	80	76	71
441	79	71	79	73	75	71	69	67	79	73	75	72	69	75	72	69	73	74	78	75	68	75	72	71	73	77	95	75	75	70	73	67	75	84	99	74	73	72	93	74	74	84	88	79	70	77	88	75	76	80	76	78	73	85	82	80	71	72	74	75	73	79	81	71
441	81	77	75	74	70	71	70	69	78	72	76	74	73	71	71	69	73	75	78	75	70	74	71	70	75	81	94	72	72	70	71	71	76	84	99	77	74	69	91	70	75	79	89	78	72	76	90	76	71	77	76	79	76	82	83	77	68	73	75	80	74	82	80	76
441	78	77	75	77	70	74	66	70	80	74	73	74	72	75	72	71	73	77	82	75	72	72	72	72	78	81	97	74	75	70	74	70	77	85	101	79	74	72	91	74	76	83	90	79	76	73	93	79	78	78	82	77	73	80	84	78	66	74	74	76	71	78	81	74
441	78	74	76	74	72	71	69	70	76	75	73	72	72	74	68	69	77	76	82	75	75	71	71	68	78	79	94	73	75	70	72	69	76	86	102	78	73	73	88	74	73	83	89	79	75	76	91	76	76	76	79	82	75	83	79	80	69	70	78	74	73	78	80	73
441	83	77	75	75	72	73	69	72	78	77	74	72	74	73	73	69	74	75	82	74	70	71	70	71	75	80	96	76	73	70	70	72	76	84	101	77	76	71	87	75	73	83	90	81	72	74	91	77	74	80	80	78	73	80	83	76	64	76	70	76	71	82	79	76
441	83	74	74	74	69	72	66	71	81	75	77	77	70	73	72	69	75	75	82	76	72	72	72	71	74	79	95	72	73	69	74	69	78	86	102	75	75	70	84	75	74	84	89	80	74	77	92	76	77	78	78	81	73	79	86	80	65	79	73	77	74	81	83	74
441	81	75	77	77	73	73	72	69	80	74	74	74	72	76	73	66	74	76	81	73	72	73	71	67	72	80	91	74	75	70	72	71	77	88	101	77	74	72	81	72	72	81	88	80	74	78	90	76	73	77	81	79	74	79	85	79	71	72	78	75	73	81	80	73
441	80	78	75	74	73	70	70	68	77	74	74	72	74	77	71	70	74	76	80	72	71	73	70	70	75	76	92	74	71	72	72	71	77	89	100	77	76	75	80	72	74	84	85	81	74	73	96	74	75	75	81	83	73	82	84	78	64	74	70	74	72	80	78	72
441	85	76	77	73	75	74	66	71	80	73	75	75	71	73	71	69	76	78	83	72	71	75	70	69	77	80	93	72	75	70	72	70	79	89	100	77	74	72	79	71	75	83	87	81	75	74	93	77	78	78	81	79	71	77	89	75	63	74	74	73	69	77	78	73
440	83	77	79	79	70	76	69	74	79	76	77	77	72	73	72	70	75	77	83	75	71	72	70	71	76	77	92	76	74	73	70	68	77	84	101	79	73	72	77	68	71	78	84	79	73	73	92	72	75	79	77	79	75	80	84	78	67	76	72	77	70	81	83	70
441	86	74	77	75	71	75	70	71	75	77	75	76	72	77	72	71	74	79	82	78	74	73	73	69	77	79	92	72	76	72	70	70	79	85	104	76	73	72	74	71	74	83	88	78	72	75	91	75	76	75	77	79	71	76	85	71	67	77	69	76	69	83	80	72
441	82	81	73	75	72	73	68	69	81	74	74	76	75	72	71	70	79	78	84	75	72	73	73	72	78	74	95	76	76	72	73	69	77	85	102	77	72	73	71	71	72	80	85	77	74	70	91	67	76	80	79	80	74	80	89	76	71	76	73	77	70	81	80	72
441	79	76	77	77	71	73	68	72	76	73	75	75	75	74	74	68	74	77	82	73	72	72	72	69	78	79	96	75	74	73	70	69	77	85	103	79	73	73	74	70	75	84	88	78	73	74	90	72	78	80	78	78	74	78	85	73	67	76	73	76	70	82	81	70
441	82	80	75	76	74	74	69	70	82	73	73	77	69	74	73	68	77	78	85	75	71	71	71	71	75	78	98	76	74	70	73	69	73	83	99	80	72	71	72	69	74	81	88	78	75	75	88	72	75	77	80	80	73	74	89	73	67	70	71	76	71	80	80	69
441	79	75	75	77	71	76	71	71	81	76	75	77	72	76	70	68	73	77	84	77	74	72	71	69	77	76	97	76	76	70	75	69	75	85	100	80	75	71	72	65	74	82	91	80	74	74	89	71	73	79	81	82	71	81	89	69	68	77	76	75	72	84	81	73
441	81	77	77	77	71	74	72	71	82	75	77	76	75	71	74	68	73	77	85	77	76	75	74	69	79	75	95	78	74	73	73	68	76	85	101	77	72	74	74	72	72	82	86	78	72	76	89	76	76	77	78	79	72	75	86	75	69	75	72	77	68	78	80	74
441	80	76	77	75	75	74	73	70	77	74	73	74	75	73	71	71	77	80	84	77	73	73	71	72	75	75	94	76	75	72	73	70	78	83	104	76	73	72	74	66	76	83	89	78	77	76	94	74	75	81	78	80	72	81	86	76	69	75	73	74	71	80	77	71
441	84	75	76	74	72	75	72	72	78	75	74	77	72	72	71	68	72	76	85	73	73	73	71	69	78	77	94	77	73	71	73	71	80	83	101	79	74	73	87	73	75	79	92	80	72	75	96	76	75	80	80	77	72	85	84	75	67	75	75	76	73	83	81	74
441	82	77	76	75	71	76	72	73	80	76	77	73	73	73	72	71	75	77	81	78	73	72	69	69	77	75	97	78	74	72	70	70	80	84	106	80	74	73	90	73	77	81	90	80	73	77	91	73	74	75	83	81	71	84	87	80	69	73	74	77	71	82	80	74
441	84	77	77	76	71	76	69	72	81	74	76	75	74	76	76	69	77	78	87	77	74	75	73	69	75	80	95	78	73	74	75	70	79	83	101	81	74	74	93	76	74	82	89	79	74	78	94	82	76	78	82	80	75	84	83	77	69	77	75	77	71	81	79	77
441	80	76	79	74	74	72	71	70	80	72	76	74	74	74	73	70	76	78	80	75	70	74	72	71	72	79	96	76	72	72	78	73	75	87	102	82	73	75	97	74	75	83	89	80	74	80	92	83	72	79	79	77	72	81	82	77	67	76	74	79	73	82	82	77
441	80	79	75	78	73	77	68	69	81	74	78	74	74	74	72	69	78	76	87	75	74	73	74	72	76	79	97	75	75	74	80	73	78	85	103	76	75	73	94	75	74	80	85	81	75	81	88	82	78	83	82	85	77	84	83	83	69	75	72	76	73	82	78	78
441	83	77	78	79	73	76	69	74	79	77	73	75	73	77	73	70	75	77	88	77	74	74	73	69	79	78	96	80	74	76	84	74	77	82	99	77	75	76	98	76	72	81	87	80	75	83	88	83	71	82	81	85	73	88	81	79	70	80	74	77	73	83	84	80
441	79	75	74	77	73	73	72	69	82	75	77	78	75	75	73	70	77	80	84	78	73	75	74	71	76	76	100	80	73	75	88	71	78	81	104	85	75	77	94	74	77	85	85	80	75	87	88	84	71	79	81	78	76	86	85	81	68	77	77	78	75	85	76	78
441	82	78	76	78	72	74	74	74	80	78	74	76	74	76	72	72	76	77	80	85	76	76	73	75	75	76	88	95	73	82	91	71	76	84	95	94	78	79	93	74	73	83	85	86	82	92	90	83	70	79	80	82	78	82	85	78	69	74	77	76	80	82	80	76
441	84	81	77	78	78	76	73	71	82	78	75	77	79	77	73	72	77	75	84	84	76	73	79	71	78	77	89	95	77	84	92	72	79	81	92	98	77	82	91	78	71	85	86	85	80	89	88	83	70	80	80	83	78	89	86	81	70	72	77	79	80	83	84	80
441	83	78	77	77	75	76	71	71	79	75	76	78	74	78	72	70	77	78	78	85	75	78	79	75	77	76	87	95	77	80	92	74	79	83	94	98	78	82	97	79	74	85	83	87	79	92	88	83	73	82	80	82	81	88	83	84	71	78	79	78	81	78	78	82
440	81	79	78	78	73	76	71	71	78	76	74	74	72	77	74	71	74	77	76	80	73	75	77	72	76	76	91	95	78	75	94	73	75	78	97	96	75	79	95	76	73	86	87	91	76	89	86	84	72	77	82	84	80	85	87	80	67	70	76	77	78	77	80	78
441	88	77	75	78	78	73	74	70	82	75	74	77	74	77	74	70	75	75	77	80	72	74	78	75	74	75	94	91	77	74	96	77	80	81	102	90	77	76	95	76	74	85	98	92	77	87	87	83	71	82	84	84	73	84	86	81	65	80	75	82	74	77	80	79
441	84	80	80	78	73	78	72	75	82	71	74	77	73	74	72	70	73	81	76	80	73	76	74	76	77	75	95	78	75	74	87	77	75	82	99	82	75	76	90	79	74	84	101	89	71	83	87	85	77	77	86	82	74	81	86	79	69	79	76	78	71	81	80	77